35.8 2
41.7 2
47.8 2
54.1 2
59.7 2
64.8 2
69.4 2
81.3 2
87.4 2
96.1 2
127.6 2
133.8 2
159.5 2
192 2
225.6 2
262.7 2
292.9 2
328.8 2
384.7 2
413.2 2
419.9 2
460.8 2
485.9 2
499.5 2
556.7 2
572 2
624.9 2
663.4 2
693.8 2
722.2 2
769.1 2
795.7 2
862.6 2
902 2
921.2 2
946.9 2
966.3 2
1003.4 2
1056 2
1083.1 2
1155.2 2
1177.8 2
1213.8 2
1226.3 2
1240 2
1280.5 2
1305.9 2
1320.1 2
1380.3 2
1448.6 2
1488.5 2
1552.4 2
1570.9 2
1607 2
1687.8 2
1697.7 2
1739.4 2
1755.4 2
1787.7 2
1807 2
1834.8 2
1867.3 2
1923.6 2
1971.3 2
1997.9 2
2033.9 2
2103.4 2
2185.2 2
2215.7 2
2252.5 2
2289 2
2343.2 2
2380.7 2
2395.6 2
2433.2 2
2485.6 2
2535.7 2
2549.5 2
2575.4 2
2623.7 2
2696.3 2
2758.7 2
2767.4 2
2773.8 2
2816.3 2
2830.1 2
2842.5 2
2922.3 2
2941.2 2
2990.2 2
3020.3 2
3057.5 2
3083.5 2
3159.5 2
3176.1 2
3260.2 2
3271.8 2
3299 2
3320.7 2
3361.7 2
3410.9 2
3435 2
3479 2
3535.9 2
3577.9 2
3625 2
3644.5 2
3690.2 2
3718.4 2
3801 2
3855.1 2
3898.5 2
3935.2 2
3955.2 2
