35.8 2
41.7 2
47.8 2
54.1 2
59.7 2
64.8 2
69.4 2
81.3 2
87.4 2
96.1 2
127.7 2
133.8 2
159.5 2
192.1 2
225.7 2
262.8 2
292.8 2
328.9 2
384.8 2
413.3 2
420 2
460.9 2
486 2
499.5 2
556.8 2
572.1 2
625 2
663.5 2
693.9 2
722.3 2
769.2 2
795.8 2
862.7 2
902.1 2
921.2 2
947 2
966.4 2
1003.5 2
1056.1 2
1083.2 2
1155.3 2
1177.9 2
1213.9 2
1226.4 2
1240.1 2
1280.6 2
1306 2
1320.1 2
1380.4 2
1448.7 2
1488.6 2
1552.5 2
1571 2
1607 2
1687.9 2
1697.8 2
1739.5 2
1755.5 2
1787.8 2
1807.1 2
1834.9 2
1867.4 2
1923.7 2
1971.4 2
1998 2
2034 2
2103.5 2
2185.3 2
2215.8 2
2252.6 2
2289.1 2
2343.3 2
2380.8 2
2395.7 2
2433.3 2
2485.7 2
2535.8 2
2549.6 2
2575.5 2
2623.8 2
2696.4 2
2758.8 2
2767.5 2
2773.8 2
2816.4 2
2830.2 2
2842.6 2
2922.4 2
2941.3 2
2990.3 2
3020.4 2
3057.6 2
3083.6 2
3159.6 2
3176.2 2
3260.3 2
3271.9 2
3299.1 2
3320.8 2
3361.8 2
3411 2
3435.1 2
3479.1 2
3536 2
3578 2
3625.1 2
3644.6 2
3690.3 2
3718.5 2
3801.1 2
3855.2 2
3898.6 2
3935.3 2
3955.3 2
