10.945427
10.498101
4.399405
4.388278
16.177776
9.224407
10.450947
8.387696
11.850685
9.682169
14.992526
8.042907
9.233749
6.012887
11.544324
10.011324
8.580271
6.930716
8.465323
6.315085
6.334851
7.187085
6.344640
6.408090
7.165868
7.598277
12.316433
13.150863
9.819848
8.746484
7.662453
7.353012
7.664825
8.144044
9.021931
11.690918
9.262384
5.698501
6.471882
8.336863
5.830483
12.731554
10.664658
11.230213
13.706547
12.558125
7.604298
4.668396
10.815808
11.973973
7.807543
13.169474
8.906614
9.949167
10.682510
8.430706
16.448167
14.315548
7.654834
14.826164
8.681250
7.706711
9.229041
7.059322
10.371075
9.230347
6.891901
11.115221
7.091031
7.797955
11.622802
13.489744
4.394694
9.351268
13.654656
5.464704
7.171944
6.621262
6.339481
8.327031
8.549910
8.182400
9.406248
8.162985
10.421719
11.767601
3.236266
3.145981
7.438964
4.560639
0.000000
52.354967
65.955577
71.831025
0.000000
65.565661
0.000000
0.000000
0.000000
56.165142
