35.818940
59.532664
49.379339
0.000000
0.000000
43.440278
54.314768
0.000000
54.048781
45.395795
0.000000
0.000000
59.242946
0.000000
47.384271
53.546800
47.541490
47.078072
0.000000
61.855354
0.000000
0.000000
0.000000
31.444160
80.226923
0.000000
50.515799
52.606452
0.000000
69.569970
58.157903
0.000000
38.297201
51.915940
0.000000
59.279202
0.000000
0.000000
0.000000
66.357360
0.000000
0.000000
0.000000
0.000000
47.462056
0.000000
43.157482
0.000000
0.000000
0.000000
0.000000
0.000000
0.000000
55.538902
68.639180
46.582025
0.000000
0.000000
0.000000
56.746556
65.662893
56.930143
48.555010
34.332115
80.061794
0.000000
50.760033
52.589972
70.522843
63.811859
66.652681
26.888101
0.000000
0.000000
0.000000
0.000000
60.920280
51.796625
41.599463
59.725150
0.000000
0.000000
0.000000
0.000000
51.640724
47.229688
52.849696
0.000000
51.639405
0.000000
54.347728
55.090316
61.480599
49.227393
0.000000
0.000000
0.000000
56.775561
45.390521
65.338237
