44.248384
0.000000
0.000000
0.000000
67.121008
0.000000
54.178272
0.000000
52.939110
0.020672
43.664985
36.880646
38.071834
0.033408
0.000000
0.000000
0.000000
0.000000
55.182253
0.000000
0.000402
0.000000
0.000000
0.000000
0.000000
64.418927
63.819438
0.000000
0.000000
0.000000
34.080943
60.206347
39.767244
0.000000
39.849956
0.000000
19.897851
60.218682
36.893684
51.141749
42.921256
65.343164
61.284492
46.458991
0.000000
50.293166
0.071793
41.028399
59.900262
51.294308
0.000000
30.658158
66.199528
0.264194
61.997602
42.201886
26.433360
0.000000
46.264986
61.946895
58.900633
59.545040
63.157958
43.810400
0.000000
0.253099
0.000000
0.000000
28.019326
0.009668
0.001403
0.000000
0.004972
53.022809
46.179272
0.000000
0.000000
45.733188
54.174432
57.726142
0.000000
0.000000
60.426706
0.000000
0.000000
52.790098
0.000000
46.817355
0.000000
48.946009
0.000000
52.354967
65.955577
71.831025
0.000000
65.565661
0.000000
0.000000
0.000000
56.165142
