34.279734
56.435966
47.424214
0.000000
0.025759
42.897652
51.620498
0.018893
52.084811
42.925332
0.251837
0.283946
58.341496
0.000011
44.470436
51.713153
47.417130
44.721863
0.000000
59.189781
0.000000
0.000000
0.165469
29.156908
77.325158
0.209303
47.823604
50.134934
0.000000
67.415415
55.828908
0.157399
37.146089
50.507517
0.000000
59.279202
0.233640
0.065286
0.000000
64.491000
0.070020
0.000052
0.000000
0.000000
47.313947
0.161383
41.794995
0.061178
0.025888
0.000006
0.000000
0.000000
0.044203
53.670099
66.802078
44.623116
0.177467
0.000000
0.000000
56.185845
63.877303
53.866517
47.202282
31.484431
78.324839
0.066605
49.241826
50.108507
68.756306
62.066439
64.968021
24.504586
0.000000
0.023424
0.000000
0.000000
57.528554
48.882009
38.881078
57.900616
0.000010
0.000191
0.233640
0.010012
49.984679
45.769487
49.576186
0.000005
48.663816
0.007876
54.347728
55.090316
61.480599
49.227393
0.000000
0.000000
0.000000
56.775561
45.390521
65.338237
