15.495029
9.733818
18.492231
9.002010
10.581444
10.929841
13.085690
17.929297
15.488098
9.175106
13.161745
10.812695
16.153680
8.590265
10.697672
19.749071
8.327110
14.881905
11.515340
17.705052
14.846141
12.628285
8.940878
21.044999
21.048681
8.592263
10.018243
14.968387
11.833928
19.003197
12.971761
6.879233
14.946767
14.911044
12.192038
9.191831
16.785156
7.032448
9.512978
12.902218
14.277724
10.257524
10.286963
15.785105
14.443395
12.648298
11.417213
10.148227
6.506566
11.789579
10.070152
14.060172
21.630431
12.175892
8.710983
17.133203
5.043662
8.804298
5.904550
13.784718
13.019721
13.864702
16.141067
15.259192
4.807302
9.433362
8.292247
13.385847
15.859513
19.900372
5.732084
8.672053
12.100852
16.186813
10.452101
12.133462
14.214588
13.909779
15.490682
10.303927
18.049355
7.882268
7.540150
7.180557
13.818408
8.718651
14.849820
12.001672
11.781155
12.090452
35.597119
0.000000
0.000000
0.000000
0.000000
0.000000
54.733360
39.999255
44.313718
53.269936
