16.114320
10.610734
19.237103
9.266810
10.663419
9.957557
13.912059
17.705318
15.568022
8.679560
15.380548
12.103296
15.822178
8.855428
11.916691
21.043823
7.728564
13.837668
10.609158
18.660887
16.380486
10.366592
8.950544
21.772642
21.946027
8.592263
10.529252
14.121972
13.455879
19.003197
14.062811
6.659841
14.344058
15.900320
13.269879
8.597606
17.968002
7.470584
8.765081
12.985692
14.909522
9.325919
10.286963
15.851144
14.926917
13.345038
11.417213
9.943485
7.790231
12.383545
10.070152
14.003554
21.602285
12.440822
8.789060
16.428505
6.070788
9.452740
6.305280
13.787225
13.432040
15.112036
16.554745
16.104211
4.755424
9.433362
9.740241
12.813005
16.531667
20.715929
5.930434
8.006994
13.644037
15.773615
10.452101
11.517830
13.795782
14.670616
16.754886
11.433908
19.286831
7.986733
8.417432
7.180557
13.285371
8.977138
16.093420
11.885900
12.619236
10.879543
35.597119
0.000000
0.000000
0.000000
0.000000
0.000000
54.733360
39.999255
44.313718
53.269936
