16.005868
10.726139
19.368525
9.266810
11.170178
10.782260
14.418225
18.249106
15.920627
8.437810
15.110392
12.366800
16.213606
9.534076
12.349519
21.025775
8.050556
13.895768
10.455273
18.660887
16.870588
10.556597
8.805986
21.554467
22.747434
8.592263
9.897430
14.187474
13.693235
19.003197
14.198417
6.396251
14.871562
15.492752
13.281566
8.556413
17.968002
7.629556
9.278659
12.851765
14.903061
9.412937
10.286963
15.848043
14.562876
13.641371
11.417213
10.091465
8.442036
12.645419
10.070152
14.003554
21.916041
12.651915
8.850866
16.723406
5.997936
9.550272
6.749413
14.075479
13.408126
14.776471
17.184720
16.633594
4.714929
9.433362
8.989855
12.813005
16.720637
21.070264
6.195756
8.301262
14.039878
15.054768
10.452101
11.679909
13.920241
14.863028
17.368584
11.736737
19.215350
7.802229
8.490092
7.180557
13.729811
8.756899
16.268032
12.126978
12.619236
10.850685
35.597119
0.000000
0.000000
0.000000
0.000000
0.000000
54.733360
39.999255
44.313718
53.269936
