11.765533
7.894795
15.055148
7.984088
9.745907
11.797689
12.778119
13.410272
12.829872
9.952213
10.626209
9.726330
12.986667
10.756484
11.295245
17.626440
8.230318
12.080706
10.341145
13.350002
12.661230
11.550863
8.737971
16.200416
15.058067
7.249237
8.415539
11.490147
10.175976
19.003197
10.913644
8.795738
11.294242
11.412647
9.408654
9.114006
12.811416
8.406023
8.859888
8.850622
14.563229
9.241345
10.286963
14.836366
11.037337
8.694455
10.184213
10.022251
4.795701
9.449082
10.070152
11.543348
16.098713
10.467439
7.883296
13.145953
6.537697
7.955598
5.967439
12.151048
11.990666
10.725471
12.016011
13.070363
7.027991
9.433362
7.816547
13.868735
15.694872
16.343253
5.130058
10.986292
13.345362
15.517448
10.257391
11.458933
12.956992
10.789517
13.355809
7.061840
12.496809
8.059482
6.678575
6.970132
11.014013
7.019149
14.287621
10.454260
8.849152
11.014469
35.597119
0.000000
0.000000
0.000000
0.000000
0.000000
54.733360
39.999255
44.313718
53.269936
