15.979874
9.735367
18.486515
9.429411
9.940443
10.387488
13.642101
17.929297
15.543237
8.417960
14.306758
11.583519
16.091414
9.733361
11.738574
20.632989
8.469074
13.648095
10.117185
18.566538
15.030279
10.874126
9.274005
20.938379
22.009170
8.592263
10.063507
14.296054
12.547504
19.003197
13.906270
6.647945
14.343045
15.319633
12.499720
8.431977
17.992025
7.032448
8.176043
12.937950
13.988243
9.782943
10.286963
15.830372
14.926917
12.083704
11.417213
10.200412
6.961820
12.495112
10.070152
14.003554
21.437469
12.541242
8.435742
16.509567
6.407232
9.724980
6.217347
13.789767
13.019721
14.747264
15.801814
16.103830
4.696820
9.433362
9.626644
12.951090
15.862847
20.411855
6.062104
8.343009
13.352711
15.442032
10.452101
11.517830
13.673219
14.091079
16.143701
10.969550
18.789659
8.006703
7.708163
7.180557
13.366175
8.790557
15.551348
12.685123
12.619216
10.148953
35.597119
0.000000
0.000000
0.000000
0.000000
0.000000
54.733360
39.999255
44.313718
53.269936
