12.846989
9.238904
16.332235
8.863015
9.456181
10.749524
13.692355
16.600241
14.470781
9.924942
10.377307
9.489863
13.343884
9.197144
10.963333
19.963864
7.610261
13.764460
11.113108
15.399788
14.186949
11.401761
8.721253
17.983799
19.034185
8.592263
9.831497
12.563787
9.602622
19.003197
13.025086
8.328399
12.724250
13.293033
10.993861
8.493882
14.885147
7.006154
9.681690
10.185768
15.351927
8.228134
10.286963
15.634188
13.445908
10.359936
10.834835
10.504866
5.928498
8.960113
10.070152
13.074405
18.805312
12.302139
6.971261
14.726902
6.537697
7.679838
4.601743
12.502209
12.991945
12.658614
16.653654
14.776344
5.657225
9.433362
6.351396
13.314773
16.690966
17.445809
5.298154
8.666302
12.004369
15.517448
10.203593
11.708384
13.447285
11.384215
15.856924
8.789572
13.937248
8.566240
7.254091
7.180557
12.397654
9.290013
14.287621
11.378751
10.089111
11.230145
35.597119
0.000000
0.000000
0.000000
0.000000
0.000000
54.733360
39.999255
44.313718
53.269936
