34.765362
56.662888
47.661456
0.000000
0.000000
42.897652
52.199867
0.000000
52.193094
43.243031
0.022313
0.245619
58.664283
0.000000
45.318982
51.642372
47.417130
44.882613
0.000000
59.626638
0.000000
0.240756
0.295535
29.157066
77.360361
0.000000
48.490322
50.502747
0.000000
67.446876
55.926790
0.016756
37.030317
50.810610
0.000000
59.279202
0.000000
0.000000
0.000000
64.940082
0.000000
0.143134
0.000000
0.212466
47.313947
0.000000
41.892582
0.000000
0.000000
0.223359
0.000000
0.000000
0.215747
53.441838
66.918101
44.833775
0.009335
0.000000
0.000000
56.185845
63.842694
54.108186
47.591680
31.886428
78.162388
0.000000
49.968339
50.709693
68.839373
62.726379
65.124277
24.720751
0.000000
0.272812
0.000000
0.000000
57.632490
49.595918
39.472038
58.202817
0.000000
0.000000
0.002291
0.072153
50.556906
45.769487
49.630727
0.181052
49.161581
0.000000
54.347728
55.090316
61.480599
49.227393
0.000000
0.000000
0.000000
56.775561
45.390521
65.338237
