12.216377
8.304174
14.020452
7.448168
9.233101
12.320934
13.754761
11.617571
12.605683
11.097599
10.626209
9.976977
13.999936
9.785457
12.465616
17.293312
8.132712
12.008522
10.343943
12.594608
12.502115
10.870770
9.362845
14.757256
14.186083
7.564505
7.641646
11.642844
9.548769
19.003197
9.360407
9.484878
10.849407
11.252143
10.625050
9.189281
12.353019
7.620167
9.476464
8.668926
15.269662
9.141503
10.286963
13.843243
11.022307
7.413310
10.797955
9.629273
4.795701
8.402175
9.696021
11.885660
16.263413
10.032637
8.824570
11.803732
6.451638
7.982472
5.999484
11.407369
12.546493
11.152045
10.868967
11.292635
7.520578
9.660212
8.168517
12.779922
15.785434
16.312077
6.202476
11.696646
12.977130
15.517448
10.035891
10.575227
12.957201
10.316755
12.947421
6.643121
12.496809
9.274684
6.878180
7.770291
10.356501
7.030105
14.044756
10.385567
8.315718
11.014469
35.597119
0.000000
0.000000
0.000000
0.000000
0.000000
54.733360
39.999255
44.313718
53.269936
