16.082342
10.126395
18.698361
9.427381
9.848278
10.172283
13.287817
17.929297
15.553358
8.354759
13.977873
11.359401
16.078657
9.399905
11.021672
20.244838
8.193471
13.117451
10.794920
18.028897
15.030279
10.816523
9.609673
20.887809
21.861246
8.592263
9.946620
14.975891
12.186421
19.003197
13.668131
6.647945
14.147228
15.531089
12.416806
8.186409
17.223355
7.032448
8.766849
12.267830
14.231324
9.996654
10.286963
15.785887
14.706721
12.612203
11.417213
10.069265
6.716491
12.112494
10.070152
14.003554
21.565043
12.344320
8.603359
16.516192
6.321781
9.724980
5.947155
13.492627
13.019721
13.837220
15.766249
16.079677
5.332430
9.433362
9.207812
13.166266
15.495513
19.875021
5.983200
8.443508
13.105132
15.547488
10.452101
11.517830
13.488371
14.091079
15.659961
10.798092
18.837366
7.569876
7.187267
7.180557
14.012984
8.511868
15.697527
12.858693
12.637205
10.161065
35.597119
0.000000
0.000000
0.000000
0.000000
0.000000
54.733360
39.999255
44.313718
53.269936
