11.161491
9.266100
15.866882
7.961524
9.745907
11.515252
13.301779
14.081340
13.762587
10.494697
10.626209
9.237742
12.390167
10.657577
10.998309
18.286496
7.193504
12.049487
10.653968
13.858722
12.997170
12.303164
8.385670
17.116503
15.885793
7.364446
8.624648
11.973830
9.651292
19.003197
11.545812
7.936765
11.526944
12.176906
10.032711
9.181541
12.394945
8.247860
8.947021
9.273284
14.563229
9.025156
10.286963
14.947987
11.441326
8.672533
10.449032
10.022251
4.795701
9.501261
10.070152
11.533106
16.475645
10.754374
7.737393
13.145953
6.537697
7.881495
6.184856
12.527963
12.203194
10.736079
13.245991
13.333354
6.443823
9.433362
7.671671
13.132183
16.272395
16.368385
5.970883
8.864461
12.439835
15.517448
9.611044
11.458933
13.058265
10.655513
12.753989
7.272487
11.599907
9.126244
6.313486
7.180557
12.178965
6.949900
14.287621
10.576162
9.240570
11.014469
35.597119
0.000000
0.000000
0.000000
0.000000
0.000000
54.733360
39.999255
44.313718
53.269936
