11.977026
7.948974
14.583555
7.218513
9.476536
11.918259
13.560913
12.435518
12.418470
10.121820
10.626209
9.725996
13.863342
10.115965
12.886106
17.206388
8.166504
11.707004
10.524214
12.594608
12.425444
11.330464
9.194135
15.785970
14.177343
7.552156
8.429193
11.921458
9.103914
19.003197
10.073874
8.764527
10.484444
11.463896
10.700887
9.189281
12.321211
7.609158
9.481518
8.669180
15.170468
9.551963
10.286963
13.950041
10.931438
7.645364
10.746773
9.347695
4.795701
8.029605
9.559528
12.041659
15.736012
10.412592
8.998933
12.462685
6.537697
8.166900
5.789869
11.674698
12.745434
10.730571
11.234290
11.783998
7.315299
9.969268
8.428246
13.389627
15.856407
16.377599
5.750717
11.711631
13.330164
15.517448
10.035891
11.483081
12.956992
10.028323
12.947421
7.442305
12.496809
9.100033
7.193148
7.720576
10.510549
7.036405
14.287505
10.328603
8.315718
11.014469
35.597119
0.000000
0.000000
0.000000
0.000000
0.000000
54.733360
39.999255
44.313718
53.269936
