11.746453
9.774436
15.515079
8.753933
9.745907
11.046991
13.689853
16.899726
13.961694
9.924942
10.626209
9.323734
13.279279
9.501406
11.086391
19.889998
7.360545
13.330681
11.399865
15.399782
14.231776
11.401761
8.568763
18.190518
18.602379
8.592263
9.835139
12.668336
9.759857
19.003197
12.698098
7.559425
12.322818
13.175505
10.356733
9.078043
13.961052
7.279472
9.792321
9.892429
14.717350
8.494169
10.286963
14.984767
13.203853
10.468213
11.159710
10.147355
5.821366
8.603192
10.070152
13.355132
18.354282
12.119525
6.770176
14.578504
6.537697
7.136624
4.941735
12.883682
13.145439
12.540056
16.704273
14.663839
5.924608
9.433362
6.722194
13.812020
16.628684
17.445797
5.202287
9.173888
11.832938
15.517448
10.165076
11.414557
13.211415
11.658525
15.746558
8.520521
14.250944
8.696381
6.397075
7.180557
12.517290
8.739161
14.287621
11.063951
10.089111
11.202095
35.597119
0.000000
0.000000
0.000000
0.000000
0.000000
54.733360
39.999255
44.313718
53.269936
