11.708570
7.842635
14.998037
8.003824
9.745907
11.537282
12.780818
12.844833
12.635502
9.770935
10.626209
9.726330
13.704062
10.600962
11.834933
17.590077
8.440121
11.876936
10.600611
13.194361
12.389346
11.400444
8.880131
15.805064
14.713711
6.938763
8.602484
11.750399
9.672766
19.003197
10.702244
9.014961
11.294242
11.412647
9.680699
9.238679
12.523734
8.586464
9.824927
8.706101
14.563229
9.308814
10.286963
14.906570
10.749280
8.173357
10.373183
10.022251
4.795701
8.785567
10.063349
11.764057
16.098713
10.524133
8.570588
13.145232
6.537697
7.955598
5.764102
12.174236
12.541199
10.721628
11.563465
12.829558
7.539439
9.433362
7.686279
13.627845
15.694872
16.881561
5.745169
11.516631
13.700464
15.517448
10.064692
11.458933
12.956992
10.699860
13.775759
7.061840
12.496809
8.050436
6.977572
7.220494
10.970116
7.036405
14.287621
10.464951
8.697506
11.014469
35.597119
0.000000
0.000000
0.000000
0.000000
0.000000
54.733360
39.999255
44.313718
53.269936
