10.827870
9.705383
15.204208
8.371757
9.745907
11.599390
13.391299
14.892642
14.146046
10.494697
10.626209
9.632197
13.034849
10.707675
10.431453
18.620461
7.360545
12.423652
10.653968
14.371675
13.110979
11.492087
8.153316
16.967768
16.435005
7.229930
9.564408
11.218583
9.646088
19.003197
11.508223
8.015828
11.564370
12.580680
9.951641
9.568128
12.907432
8.247860
8.947021
8.470991
14.563229
9.174966
10.286963
15.591278
12.045849
8.600402
11.701346
10.022251
4.993862
9.381928
10.070152
12.019931
16.314067
10.345341
7.623892
13.053999
6.537697
7.429802
5.981969
13.143354
12.013720
11.368481
13.911266
13.902838
6.480995
9.433362
7.144553
12.872667
16.043498
16.775688
5.602291
8.920437
12.084960
15.517448
9.530216
11.458933
13.252515
11.501105
13.479932
7.272487
11.343244
9.588095
6.526570
7.180557
12.388603
7.538184
14.287621
10.762351
9.896426
11.014469
35.597119
0.000000
0.000000
0.000000
0.000000
0.000000
54.733360
39.999255
44.313718
53.269936
