11.491107
8.141722
15.057636
7.384279
9.476536
11.285876
13.231300
12.438478
12.322188
10.037124
10.626209
9.726330
13.881081
10.530501
12.606858
17.447505
8.166504
11.703190
10.444112
12.594608
12.413881
11.348573
8.958830
15.974784
14.295598
7.523912
8.455207
11.660810
9.423967
19.003197
10.333327
8.554862
10.693070
11.463983
10.208092
9.205842
12.325068
8.128156
9.481518
8.921195
15.081993
9.281749
10.286963
14.127853
11.106238
7.938706
10.793405
9.591590
4.795701
8.270400
9.756154
11.861897
15.547605
10.412592
8.938259
12.061209
6.537697
7.955555
5.835022
11.803205
12.614498
11.134525
11.010664
11.845905
7.254644
9.752358
8.029308
13.389772
15.681732
16.836893
5.987162
11.708476
13.730198
15.517448
10.035891
11.458896
12.956992
10.251145
12.947421
7.032120
12.496809
8.772998
7.195813
7.722757
10.540066
7.036405
14.287621
10.091542
8.365037
11.014469
35.597119
0.000000
0.000000
0.000000
0.000000
0.000000
54.733360
39.999255
44.313718
53.269936
