14.384856
9.211997
18.247866
8.863015
10.571881
10.811105
14.007324
17.929295
15.250226
9.473069
12.185435
10.738909
14.949067
8.703444
10.995674
20.061072
7.372761
14.623737
11.154258
15.987111
14.474757
11.963011
8.721264
19.343133
19.871924
8.592263
8.952053
12.861009
10.522387
19.003197
12.603960
7.600450
13.395044
13.644621
11.950514
8.243049
17.424006
7.330956
10.047698
11.932704
14.826308
8.764639
10.286963
15.490934
13.274019
11.283916
11.417213
11.399373
6.456594
9.839829
10.070152
14.026170
20.459026
12.412494
8.883382
16.666672
6.243575
8.067757
6.202507
13.038822
13.196685
14.071939
15.946880
14.154242
5.630330
9.433362
6.965751
13.137732
16.451061
18.578340
4.846698
8.342338
11.725835
15.319393
9.618536
11.973575
13.438747
12.959751
15.453378
10.370730
15.457970
7.779762
7.735153
7.180557
13.720915
8.916615
15.521468
12.247483
10.580375
12.073300
35.597119
0.000000
0.000000
0.000000
0.000000
0.000000
54.733360
39.999255
44.313718
53.269936
