29.658629
52.040780
41.841505
0.107102
0.101371
42.897652
47.336565
0.093577
47.809515
38.031239
0.196131
0.002756
56.053603
0.000001
39.298296
48.203532
43.417621
40.783431
0.225604
58.241106
0.079343
0.000818
0.000000
24.584880
73.714017
0.388582
44.083752
45.392704
0.009242
64.624751
52.446155
0.000002
33.323730
46.893910
0.061484
57.316736
0.000000
0.062102
0.051613
64.273129
0.002635
0.000000
0.108721
0.266076
44.863770
0.131470
36.081343
0.000108
0.042469
0.172222
0.008035
0.295534
0.000215
49.858385
65.650370
42.004552
0.000000
0.055080
0.182871
53.365538
60.921642
49.792501
42.631332
28.475994
72.835876
0.058486
46.427978
47.256243
64.529997
57.793227
62.652596
18.756538
0.000032
0.103418
0.000000
0.103418
51.627015
43.619221
34.443756
54.592401
0.000000
0.016180
0.000001
0.000000
45.422570
43.744814
47.824975
0.001439
48.359049
0.126444
54.347728
55.090316
61.480599
49.227393
0.000000
0.000000
0.000000
56.775561
45.390521
65.338237
