11.524195
8.219884
14.707878
7.804902
9.476536
11.600635
13.021614
12.772293
12.259723
9.775255
10.626209
9.726330
13.877563
10.682985
11.962128
18.008920
8.625363
11.695192
10.763193
12.895652
12.637107
11.389227
8.932603
15.805064
14.713711
6.936623
8.615856
11.893266
9.864195
19.003197
10.598202
9.119834
11.161143
11.331674
9.695583
9.498897
12.580792
8.766003
9.483036
8.755877
14.563229
9.282146
10.286963
14.645208
10.731620
7.934933
10.794982
10.022251
4.795701
8.806321
10.177069
11.858752
16.098692
10.412592
9.257652
12.848355
6.537697
7.955598
5.967144
12.366591
12.648325
10.948555
11.578927
12.617493
7.391361
9.433347
7.801096
14.229516
15.694872
16.928808
5.930449
11.865570
13.667675
15.517448
10.005914
11.458933
12.956992
10.652659
13.701527
7.061840
12.496809
8.536893
7.353538
7.638746
10.970071
7.036405
14.287621
10.745124
8.756265
11.014469
35.597119
0.000000
0.000000
0.000000
0.000000
0.000000
54.733360
39.999255
44.313718
53.269936
