14.878520
9.270970
18.247869
8.863015
10.824640
10.888038
14.293815
17.929297
15.049908
9.448839
12.592346
10.663940
14.754732
8.561291
11.091761
20.048038
7.667407
14.940981
11.345443
15.987111
14.869048
11.575125
8.721264
19.885130
19.871924
8.592263
8.774794
13.421423
10.641281
19.003197
12.580898
7.720496
13.636611
14.098521
12.227923
8.330903
17.798155
6.866029
9.625264
12.149923
14.639030
9.575117
10.286963
15.267560
13.115302
11.468497
11.417213
11.338609
6.385427
10.038345
10.070152
13.857265
21.433786
12.411469
8.364764
16.776410
6.151282
8.610694
5.887733
12.775885
12.577716
14.156904
16.546706
14.227163
5.984970
9.433362
7.016050
13.385293
16.644435
18.794427
5.411349
8.174694
11.324895
15.736005
10.075896
11.533813
13.090907
12.831190
15.201260
11.033696
15.791412
7.981281
8.191030
7.180557
13.949048
9.109172
14.993504
11.930621
10.736156
12.217334
35.597119
0.000000
0.000000
0.000000
0.000000
0.000000
54.733360
39.999255
44.313718
53.269936
