29.670920
52.078851
41.770536
0.000000
0.003931
42.897652
47.362846
0.000000
48.039725
38.030353
0.107639
0.000000
56.053322
0.005952
39.303393
48.203572
43.536279
40.781389
0.000000
57.939879
0.180149
0.000000
0.000000
24.859912
74.282467
0.001389
44.083325
45.392704
0.000000
64.599358
52.446070
0.019861
33.618171
47.042792
0.000000
57.356132
0.000000
0.000000
0.000000
64.273129
0.000000
0.000000
0.178248
0.000000
44.614054
0.088662
36.081343
0.000000
0.000000
0.239552
0.000000
0.295534
0.000000
49.905732
65.538177
42.071080
0.000000
0.000000
0.000000
53.064284
61.300063
50.111262
42.808255
28.559651
72.951018
0.000000
46.588619
47.261301
64.528177
57.981897
62.652596
18.794013
0.263429
0.000000
0.000000
0.000000
51.998424
43.713757
34.443756
54.729595
0.000000
0.000000
0.009335
0.000000
45.385658
43.744814
47.824975
0.000000
48.359049
0.159125
54.347728
55.090316
61.480599
49.227393
0.000000
0.000000
0.000000
56.775561
45.390521
65.338237
