10.925191
9.403612
15.694527
7.961524
9.745907
11.583011
13.308626
14.347374
13.762587
10.494697
10.626209
9.311963
12.521633
10.771333
10.799115
18.333145
7.341828
12.062414
10.653968
13.835173
13.115331
12.009936
8.258039
17.395472
15.899696
7.222999
8.819491
11.845844
9.677818
19.003197
11.429476
7.868395
11.564358
11.944667
9.933568
9.720453
12.808349
8.247860
8.947021
9.156013
14.563229
9.051847
10.286963
15.181225
11.648073
9.021840
10.703000
10.022251
4.636407
9.718677
10.070152
11.568640
16.475645
10.754374
7.732389
13.145953
6.537697
7.590210
5.913567
12.616598
12.269458
10.860705
13.610443
13.493071
6.493784
9.433362
7.394452
13.064089
16.012501
16.368385
6.277123
8.508142
12.321590
15.517448
9.694466
11.458933
13.146342
10.546777
13.129512
7.272487
11.250061
9.283291
6.352419
7.180557
12.384164
6.949900
14.287621
10.585575
9.485142
11.014469
35.597119
0.000000
0.000000
0.000000
0.000000
0.000000
54.733360
39.999255
44.313718
53.269936
