11.765533
8.081468
15.287294
8.073526
9.745907
11.508778
13.015250
13.197243
12.529414
9.958855
10.626209
9.726330
13.513017
10.954477
11.410072
17.318282
8.226747
12.315601
10.387184
13.347702
12.409269
11.286768
8.804653
15.805064
15.055313
7.073027
8.437431
11.750423
10.208585
19.003197
10.635919
8.813843
11.294242
11.412647
9.569877
9.133532
12.791458
8.363190
9.406676
8.827299
14.563229
9.206048
10.286963
14.906984
11.049929
8.685881
10.313003
10.022251
4.795701
9.211462
10.070152
11.774710
16.098713
10.216797
8.025727
13.145953
6.537697
7.955598
5.939157
12.161513
12.387252
10.695790
11.779848
12.865664
6.983161
9.433362
7.677047
13.546488
15.694872
16.602079
5.611400
10.937721
13.551622
15.517448
10.209108
11.458933
12.956992
10.941631
13.388971
7.061840
12.496809
8.059482
7.044845
6.983995
11.043990
7.036405
14.287621
10.453693
8.594746
11.014469
35.597119
0.000000
0.000000
0.000000
0.000000
0.000000
54.733360
39.999255
44.313718
53.269936
