15.093242
9.408713
18.390605
8.863015
10.482517
11.364905
14.355281
17.929297
15.271136
9.561381
12.918701
10.996492
15.780715
9.111693
10.872809
20.018315
8.314631
14.940981
12.084399
16.339494
14.181016
12.066355
8.756114
21.045833
20.035963
8.592263
9.769626
14.414026
11.435594
19.003197
12.945623
6.891415
14.630130
13.943051
12.192038
8.682643
17.886227
7.032441
9.591297
12.876540
14.199432
10.023793
10.286963
15.537409
14.339103
12.075687
11.417213
9.876230
6.788383
11.320637
10.070152
13.857265
21.512278
12.847343
8.694875
16.942909
5.764351
9.220366
5.870505
13.281314
13.222300
14.469003
16.813848
14.984953
5.305244
9.433362
8.037343
13.385847
15.645739
19.014756
5.415508
8.353969
11.642796
16.604715
10.506847
12.059343
14.042639
13.333658
15.469736
10.812319
17.522423
8.046647
7.908677
7.180557
13.947930
9.213224
14.835025
12.001666
10.836963
11.481269
35.597119
0.000000
0.000000
0.000000
0.000000
0.000000
54.733360
39.999255
44.313718
53.269936
