10.990199
9.389219
15.412468
8.072130
9.745907
11.552786
13.391299
14.482346
13.915001
10.494697
10.626209
9.721655
12.439810
10.640027
10.823874
18.549210
7.360545
12.233908
10.653968
14.229344
13.028554
12.117665
8.352138
17.226536
16.008231
7.209719
9.339199
11.631342
9.551355
19.003197
11.409184
7.954705
11.564370
12.354755
9.920252
9.414025
12.907368
8.247860
8.947021
8.756477
14.563229
9.148080
10.286963
15.496178
11.698386
8.673068
11.394988
10.022251
4.697613
9.377059
10.070152
11.696694
16.475645
10.699051
7.598393
13.215672
6.537697
7.362990
6.257426
13.195379
12.330541
11.272160
13.882064
13.330870
6.157003
9.433362
7.388460
13.042050
16.043498
16.902791
5.961916
8.771610
12.011398
15.517448
9.185595
11.458933
13.356035
11.304174
13.245624
7.272487
11.013882
9.502649
6.646449
7.180557
12.388603
7.231262
14.287621
10.278047
9.545829
11.014469
35.597119
0.000000
0.000000
0.000000
0.000000
0.000000
54.733360
39.999255
44.313718
53.269936
