33.366354
55.820978
46.875332
0.266076
0.221137
42.897652
50.953636
0.000000
51.471217
42.146282
0.001923
0.051872
58.032007
0.004706
43.874324
51.106801
47.258835
44.036878
0.126315
58.492574
0.000000
0.000001
0.000003
28.172570
77.307916
0.094517
46.832845
49.640238
0.033912
67.755749
55.372342
0.013447
36.220300
50.178976
0.161383
59.279202
0.086815
0.226735
0.046702
64.273129
0.004030
0.011120
0.000000
0.213531
47.313947
0.000001
40.172573
0.162103
0.121971
0.000000
0.003218
0.000000
0.186566
52.844322
66.302722
44.281817
0.000000
0.487532
0.216634
54.942299
63.333565
52.586419
46.778768
30.704854
76.985243
0.000350
48.303675
50.463346
67.677177
61.575260
64.359057
23.570266
0.055633
0.191288
0.042469
0.480463
56.349970
47.800371
37.398711
57.120903
0.000000
0.011517
0.155833
0.043111
49.829631
45.459098
48.046775
0.091724
48.359763
0.000000
54.347728
55.090316
61.480599
49.227393
0.000000
0.000000
0.000000
56.775561
45.390521
65.338237
