31.670514
53.828871
44.032480
0.069323
0.005578
42.897652
48.928353
0.000000
49.435343
40.255591
0.000000
0.000000
57.696416
0.101879
40.720945
49.293227
44.631089
42.497527
0.000000
57.837434
0.000000
0.000000
0.000000
25.985955
75.927477
0.000000
45.247462
46.325958
0.000000
65.671205
53.781950
0.000000
34.263027
49.557869
0.144859
58.412451
0.158288
0.000176
0.000000
64.273129
0.000000
0.000000
0.000000
0.000005
46.505979
0.000112
37.782752
0.000000
0.038191
0.000000
0.000000
0.088569
0.000000
51.459876
65.740018
43.433752
0.000000
0.000000
0.000000
53.415961
63.057849
51.093427
44.378816
29.733642
75.663596
0.025503
47.440944
48.747768
65.634492
59.079260
62.652596
20.474533
0.000000
0.042087
0.000000
0.000000
53.329962
44.863372
34.548906
55.886959
0.250991
0.000000
0.000000
0.205158
48.096823
43.900347
47.824975
0.000000
48.359049
0.000000
54.347728
55.090316
61.480599
49.227393
0.000000
0.000000
0.000000
56.775561
45.390521
65.338237
