11.765241
7.930758
15.280784
7.935728
9.745907
11.715127
13.103170
13.353877
12.721928
9.986746
10.626209
9.726330
13.693991
11.031037
11.694838
17.590707
8.576067
12.398540
10.729708
13.265686
12.492643
11.400445
8.902823
15.805064
15.004898
7.073356
8.348308
11.750423
10.293509
19.003197
10.755285
8.811780
11.294242
11.412647
9.668508
9.462386
12.523734
8.578723
9.759435
8.833950
14.563229
9.147318
10.286963
14.906982
10.951676
8.698271
10.293328
10.022251
4.795701
9.130066
10.070117
11.778066
16.098713
10.249010
8.398864
13.145949
6.537697
7.955598
6.148455
12.174253
12.617852
10.721766
11.628708
12.950860
7.154349
9.433362
7.686283
13.786961
15.694872
16.698861
5.783730
11.439920
13.966994
15.517448
10.168120
11.458933
12.956992
10.699860
13.657778
7.061840
12.496809
8.059436
7.227641
6.921338
10.970116
7.036405
14.287621
10.399091
8.754402
11.014469
35.597119
0.000000
0.000000
0.000000
0.000000
0.000000
54.733360
39.999255
44.313718
53.269936
