11.010305
10.223935
14.997000
8.358101
9.745907
10.797304
14.383584
16.212868
13.095140
9.730724
10.626209
9.154549
13.634998
9.758784
11.086391
19.230613
7.360545
12.305188
11.184941
14.784604
13.636675
11.401761
8.260650
17.451267
17.745283
7.452512
9.833086
11.279627
9.732340
19.003197
12.845818
8.015828
12.257395
13.196938
10.115058
9.067642
12.907432
7.535672
9.361974
8.872677
14.396876
8.371874
10.286963
15.240402
12.745340
9.868969
11.596884
10.227701
5.671057
8.697362
10.070152
12.689651
17.277788
11.224458
6.780503
13.635103
6.537697
7.533947
5.020370
13.150311
12.411587
11.485295
15.631400
13.818162
6.139211
9.433362
7.486453
12.177572
16.255943
16.884643
5.752358
8.514785
12.074331
15.517448
9.913365
11.458933
12.908353
11.515807
13.857062
7.869558
12.372422
8.143212
6.429100
7.180557
11.836801
8.374629
14.287621
11.445716
10.089111
11.927257
35.597119
0.000000
0.000000
0.000000
0.000000
0.000000
54.733360
39.999255
44.313718
53.269936
