15.979869
9.963893
18.478491
9.286509
9.926408
10.380081
13.634619
17.929297
15.714643
8.687481
14.351691
11.269017
16.091414
9.497916
11.536461
20.374911
8.541383
13.388872
10.261713
18.374277
15.030279
10.873321
9.273911
21.118541
22.018767
8.592263
9.995923
14.427270
12.428981
19.003197
13.681957
6.647945
14.529584
14.971309
12.527958
8.229403
17.880962
7.032448
8.574777
12.754045
14.277095
9.812192
10.286963
15.968117
14.926886
12.402001
11.417213
10.145008
6.839836
12.112757
10.070152
14.003554
21.675155
12.555205
8.717054
16.502341
6.500355
9.724980
6.018452
13.504209
13.019721
14.465191
15.877252
16.118423
4.830457
9.433362
9.626598
13.166638
15.771250
20.260507
5.769595
8.459188
13.267836
15.703816
10.452101
11.517830
13.525277
14.091079
16.133801
10.882877
19.171663
7.999146
7.395602
7.180557
13.347662
8.563910
15.533493
12.900618
12.635303
10.338703
35.597119
0.000000
0.000000
0.000000
0.000000
0.000000
54.733360
39.999255
44.313718
53.269936
