15.450097
9.438571
18.572507
9.002014
10.581444
11.050973
13.331562
17.929297
15.567810
8.881487
13.466236
10.857500
16.208016
8.605642
10.684199
20.079660
8.306112
14.828267
11.512957
17.883333
15.143880
12.730163
8.951650
21.118496
21.063085
8.592263
10.056814
15.112294
12.170673
19.003197
13.168652
7.069886
15.193995
14.888095
12.192038
9.191831
16.790918
7.032448
9.536580
12.800463
14.112502
10.283614
10.286963
15.977536
14.443395
12.648298
11.417213
9.647756
6.393843
12.049767
10.070152
13.834674
21.679796
12.176003
8.710983
16.942519
5.105908
9.210200
5.803665
13.741204
13.019721
13.658089
15.837519
15.540695
4.939496
9.433362
8.722065
12.938473
16.177961
20.307016
5.778501
8.955331
12.393990
16.223023
10.452101
11.703498
14.154052
13.816308
15.343357
10.552192
18.049355
8.223487
7.633018
7.180557
13.853625
8.977813
14.849820
12.035839
11.507073
11.810015
35.597119
0.000000
0.000000
0.000000
0.000000
0.000000
54.733360
39.999255
44.313718
53.269936
