11.778281
7.998716
14.708322
8.017923
9.745907
11.486404
12.864551
12.947441
12.415528
9.775255
10.626209
9.726330
13.753301
10.466976
11.630873
17.469320
8.511110
11.733880
10.506685
13.052984
12.234848
11.400318
8.876425
15.805064
14.713711
6.917709
8.361025
11.745693
9.556162
19.003197
10.450460
9.052855
11.294242
11.412644
9.674379
9.442223
12.523732
8.455358
9.609361
8.718570
14.563229
9.277832
10.286963
14.827623
10.787654
8.069938
10.380114
10.022251
4.795701
9.042049
10.006231
11.973312
16.098713
10.312727
8.793504
13.007711
6.537697
7.955598
5.678268
12.171034
12.541199
10.695085
11.723702
12.829558
7.715065
9.433362
7.685375
13.719405
15.694872
17.014568
5.871564
11.516631
13.700462
15.517448
10.277040
11.458933
12.956992
10.699860
13.775741
7.061840
12.496809
8.104213
6.947644
7.564341
10.970116
7.036405
14.287621
10.632375
8.725588
11.014469
35.597119
0.000000
0.000000
0.000000
0.000000
0.000000
54.733360
39.999255
44.313718
53.269936
