13.102215
9.213867
16.541659
8.863015
10.365190
11.108863
13.820522
17.626779
15.366310
9.924942
11.473727
10.338246
13.913055
9.128019
11.303634
19.952885
7.704401
14.180598
10.807351
16.154191
13.888329
12.116242
8.721264
18.737850
19.862820
8.592263
9.430666
12.971580
9.478862
19.003197
12.492428
7.713585
13.491911
13.875110
11.347114
8.214880
16.394453
7.241003
9.972954
10.449936
15.120189
8.042818
10.286963
15.566536
13.076266
9.944159
11.415222
10.663494
5.935790
9.258696
10.070152
13.755851
19.345028
12.205900
8.164732
15.550406
6.551255
8.193959
5.743108
13.202607
12.698705
12.921746
15.773448
14.154242
6.025474
9.433362
6.042073
13.324213
16.468307
18.095431
4.515482
8.140255
12.004506
15.517448
10.066730
12.117379
12.969844
12.079209
15.575412
9.320324
15.127143
7.955946
6.859663
7.180557
13.116923
8.821132
15.249672
11.934657
10.089111
11.784567
35.597119
0.000000
0.000000
0.000000
0.000000
0.000000
54.733360
39.999255
44.313718
53.269936
