11.223510
9.936912
15.455257
8.112795
9.745907
10.563006
14.140695
16.638999
13.965260
10.290578
10.626209
8.867810
13.450138
9.777405
11.086391
19.488602
7.360545
12.618858
11.653260
14.829855
14.147058
11.401761
8.430059
17.657648
17.751965
8.267820
9.835139
12.125677
9.173013
19.003197
12.698081
7.501423
12.044328
13.098039
10.115058
9.067642
13.088928
7.431262
9.526651
9.498598
14.396876
8.278370
10.286963
15.024905
12.612110
10.005052
11.408019
10.120408
5.117758
8.591777
10.070152
12.427225
17.709509
11.685152
6.947130
13.949946
6.537697
7.118846
4.518708
13.211446
12.999396
12.332608
16.171442
14.408509
6.042900
9.433362
7.013580
12.911320
16.324277
17.429865
5.473778
8.660355
12.309817
15.517448
9.913365
11.468578
12.674569
11.411186
14.794595
8.119131
13.197851
8.696381
6.732273
7.180557
11.744972
8.375461
14.287621
11.119429
10.089111
11.046073
35.597119
0.000000
0.000000
0.000000
0.000000
0.000000
54.733360
39.999255
44.313718
53.269936
