29.394011
51.814434
41.467612
0.000000
0.000000
42.897652
47.276457
0.000000
47.667262
37.719239
0.000000
0.000000
56.053339
0.000000
39.298295
48.020171
43.011074
40.443356
0.000000
58.257947
0.000000
0.193793
0.000000
24.227588
73.528518
0.234379
44.083350
45.359483
0.000543
64.064287
52.446075
0.000000
33.321475
46.646047
0.000000
57.145881
0.000000
0.000000
0.000000
64.273129
0.000155
0.000000
0.000000
0.000000
44.898136
0.000000
36.081343
0.000000
0.002494
0.000000
0.000000
0.295534
0.115444
49.839376
65.143687
41.296948
0.000000
0.156614
0.000000
52.958680
60.457879
49.844787
42.374109
27.850031
72.953460
0.027080
46.028138
47.230549
64.361896
57.675857
62.652596
18.756534
0.000000
0.000000
0.000000
0.000000
51.576237
43.262367
34.443756
54.355699
0.000000
0.000950
0.000000
0.249738
45.059267
43.744814
47.824975
0.156614
48.359049
0.112385
54.347728
55.090316
61.480599
49.227393
0.000000
0.000000
0.000000
56.775561
45.390521
65.338237
