11.765533
7.962705
15.127257
8.015479
9.745907
11.828510
12.778119
13.548905
12.862762
9.958920
10.626209
9.726330
12.988780
10.782071
11.483573
17.642723
8.230318
12.194992
10.402713
13.350002
12.668606
11.592276
8.861755
16.302477
15.119118
7.295994
8.451135
11.503273
10.285176
19.003197
10.913644
8.915593
11.294242
11.412647
9.548869
9.160954
12.873104
8.406023
8.919819
8.860984
14.563229
9.366992
10.286963
14.906984
11.199433
8.695783
10.313003
10.022251
4.795701
9.449082
10.070152
11.567120
16.098713
10.524412
8.001655
13.145953
6.537697
7.955598
6.097591
12.176434
11.990666
10.744876
12.028668
13.074705
7.037231
9.433362
7.826113
13.938713
15.694872
16.391368
5.212976
11.076193
13.345362
15.517448
10.257391
11.458933
12.956992
10.841425
13.390387
7.061840
12.496809
8.059482
6.745147
7.041674
11.121832
7.036405
14.287621
10.454260
8.849152
11.014469
35.597119
0.000000
0.000000
0.000000
0.000000
0.000000
54.733360
39.999255
44.313718
53.269936
