11.188300
9.266100
15.993881
7.961524
9.745907
11.524488
13.364892
14.253048
13.762587
10.494697
10.626209
9.280321
12.445697
10.704018
11.015055
18.298908
7.344420
12.185258
10.653968
13.862003
13.084091
12.337883
8.385670
17.236418
16.068479
7.378504
8.633347
12.059302
9.753644
19.003197
11.609492
7.936765
11.590692
12.237742
10.036620
9.181541
12.435725
8.247860
8.947021
9.311974
14.563229
9.042228
10.286963
15.000597
11.457659
8.713131
10.462082
10.022251
4.795701
9.514303
10.070152
11.582246
16.475645
10.754374
7.741380
13.145953
6.537697
8.007765
6.184856
12.529685
12.214819
10.744998
13.245991
13.478722
6.488431
9.433362
7.710852
13.167982
16.347072
16.368385
6.086953
8.889301
12.439835
15.517448
9.756377
11.458933
13.058265
10.674776
12.753989
7.272487
11.630728
9.126244
6.319740
7.180557
12.283291
6.949900
14.287621
10.602956
9.243256
11.014469
35.597119
0.000000
0.000000
0.000000
0.000000
0.000000
54.733360
39.999255
44.313718
53.269936
