31.412520
53.446657
43.296665
0.000000
0.000000
42.897652
48.169786
0.032420
49.403172
39.563776
0.000494
0.014862
57.203248
0.065942
39.746417
49.114750
44.184831
41.965025
0.048851
57.837434
0.000000
0.000000
0.000000
25.909537
75.690625
0.031149
45.191981
45.540100
0.000000
65.671082
53.618629
0.000000
33.859482
48.806951
0.065614
58.535610
0.295978
0.000000
0.089459
64.273129
0.000000
0.000722
0.097884
0.000000
46.005798
0.000000
37.225524
0.018152
0.000000
0.000000
0.000267
0.295536
0.000000
51.326310
65.795910
42.408107
0.000000
0.078162
0.000000
53.094673
61.780484
50.926917
43.718665
29.733642
74.298871
0.024380
47.459528
48.259627
65.162829
58.416108
62.652596
19.910683
0.007681
0.047884
0.000000
0.000000
53.020247
44.551144
34.443757
55.585865
0.000000
0.000000
0.099861
0.021090
47.668948
43.744882
47.824975
0.220034
48.359049
0.031778
54.347728
55.090316
61.480599
49.227393
0.000000
0.000000
0.000000
56.775561
45.390521
65.338237
