15.040627
9.630502
18.039521
8.863015
10.465545
10.892363
14.522891
17.929297
15.049908
9.569928
12.884723
10.933471
15.532940
8.557918
11.206846
19.939527
8.408195
14.940981
11.445440
16.339467
14.444651
11.695554
8.756114
20.912400
19.871924
8.592263
9.379998
13.993114
10.857127
19.003197
12.707300
7.148279
14.595459
13.908335
12.192034
8.550810
17.566183
6.826880
9.347237
12.682325
14.521711
9.763827
10.286963
15.205492
13.282304
11.492013
11.417213
10.532410
6.767691
10.742992
10.070152
13.857265
21.073143
12.577351
8.504413
16.942410
6.069207
9.070072
5.544303
12.882544
13.015718
14.356544
16.813848
14.240511
5.189469
9.433362
7.789148
13.385847
15.464062
19.057507
5.536381
8.408735
11.554312
15.921546
10.175785
11.896689
13.717138
12.931074
15.654571
10.410038
16.780811
8.029901
8.341351
7.180557
13.947930
9.190004
14.510956
11.847652
10.844800
11.786059
35.597119
0.000000
0.000000
0.000000
0.000000
0.000000
54.733360
39.999255
44.313718
53.269936
