16.466449
10.203342
19.345258
9.266810
10.737855
10.404874
13.710715
17.929297
16.093612
8.747755
14.836475
12.613703
15.952487
8.982896
12.320377
21.133235
8.244409
13.648252
10.268381
18.660887
16.258796
10.509470
9.255303
21.706217
21.662416
8.592263
10.527767
14.121972
13.071406
19.003197
14.229175
6.983569
14.344058
15.138713
12.664010
8.591233
17.968002
7.108471
8.561720
12.765564
14.894788
9.549672
10.286963
15.851144
14.926917
12.844859
11.417213
9.968466
7.686921
12.446201
10.070152
14.003554
21.675131
12.890049
8.799762
16.390950
6.427289
9.724980
6.544748
13.770439
13.577665
15.112036
16.338679
15.992737
4.273171
9.433362
9.740241
12.813004
16.626253
20.715929
6.155939
7.901379
13.555067
15.761802
10.452101
11.517830
13.795727
14.494598
16.454760
11.145733
19.386973
7.895500
7.902974
7.180557
13.366203
9.071565
16.217096
12.549990
12.619236
10.721160
35.597119
0.000000
0.000000
0.000000
0.000000
0.000000
54.733360
39.999255
44.313718
53.269936
