15.619097
9.755222
18.422557
8.863015
10.437643
11.021647
13.956520
17.929297
15.345406
9.563649
13.124764
10.891624
16.073622
9.321803
10.931365
19.872700
8.539216
14.940981
12.336010
17.125559
14.629920
12.137443
8.950568
21.084938
20.300183
8.592263
9.785156
14.596983
11.623198
19.003197
13.391925
6.979827
14.857616
13.991207
12.192038
9.191220
17.501341
7.032448
9.365614
12.997960
14.191053
10.051868
10.286963
15.757229
14.117594
12.153007
11.417213
10.088328
6.673815
11.209865
10.070152
13.857265
21.699777
12.357286
8.710982
16.942909
5.667019
8.807504
5.610981
13.627800
12.861740
13.972350
16.813848
14.963045
5.276745
9.433362
7.985753
13.385847
16.022392
19.854429
5.398010
8.767172
11.894696
16.163967
10.452028
12.059389
13.911295
13.563523
15.590644
10.818726
18.033984
8.191035
7.625378
7.180557
13.947930
9.213242
14.849819
12.001672
10.909118
11.639044
35.597119
0.000000
0.000000
0.000000
0.000000
0.000000
54.733360
39.999255
44.313718
53.269936
