35.273608
57.600961
47.978520
0.000000
0.360170
42.897652
53.210646
0.075097
53.367607
43.737190
0.123284
0.086815
59.008302
0.000000
46.014400
52.788797
47.417130
45.603964
0.281120
60.470232
0.002223
0.000196
0.021732
29.477648
78.319727
0.099861
49.140189
51.309158
0.266438
68.357099
57.051004
0.221137
38.051849
50.968912
0.028326
59.279202
0.034771
0.026543
0.059966
65.424064
0.106036
0.033913
0.000000
0.117188
47.313947
0.033075
42.165394
0.326105
0.094991
0.039009
0.000000
0.000000
0.000000
54.072660
66.786318
45.739710
0.047171
0.000069
0.000000
56.185938
64.486512
55.462567
47.643452
32.876507
78.569022
0.000000
50.001086
51.056374
69.050557
63.185241
65.724274
25.470081
0.072153
0.000123
0.000000
0.000049
58.953387
50.289517
39.873838
58.968651
0.132129
0.112032
0.024998
0.059966
50.618896
45.769575
50.449677
0.263429
49.683093
0.000000
54.347728
55.090316
61.480599
49.227393
0.000000
0.000000
0.000000
56.775561
45.390521
65.338237
