11.524195
8.243226
14.708294
7.809492
9.476536
11.540568
12.826975
12.741111
12.301713
9.775255
10.626209
9.726330
13.726561
10.798154
11.863834
17.909654
8.699426
11.561253
10.479418
12.895652
12.561095
11.416003
8.932693
15.805064
14.713711
6.936623
8.660188
11.635579
9.864906
19.003197
10.494702
9.190340
11.284608
11.132088
9.857024
9.444762
12.670446
8.773723
9.694671
8.881597
14.563229
9.282146
10.286963
14.671550
10.862175
7.823522
10.794982
10.022251
4.795701
9.090796
10.177072
11.858752
16.098712
10.412592
9.065802
12.745837
6.537697
7.955598
5.967144
12.497136
12.433610
10.653652
11.761481
12.752371
7.473798
9.433361
7.563681
14.070661
15.694872
17.222087
5.949870
11.535643
13.719731
15.517448
9.992221
11.458933
12.956992
10.398606
13.801717
7.061840
12.496809
8.245777
7.356788
7.684104
10.970113
7.036405
14.287621
10.813466
8.748637
11.014469
35.597119
0.000000
0.000000
0.000000
0.000000
0.000000
54.733360
39.999255
44.313718
53.269936
