11.471345
9.875132
15.285024
8.210348
9.745907
11.390666
13.469015
15.531940
13.906965
10.034052
10.626209
9.387041
13.264621
10.198885
11.376004
18.781450
7.360545
12.305187
10.653968
13.934919
13.553120
11.401761
8.736015
16.726508
17.355485
7.462008
9.497742
11.574792
9.775462
19.003197
12.286636
8.015828
11.732356
12.940841
9.622553
9.067642
12.907432
7.730827
9.065121
8.910447
14.213436
8.482659
10.286963
15.902001
12.605475
8.839662
11.823264
10.022251
5.108763
9.173218
10.070152
12.533573
16.250600
10.855438
7.626787
12.784717
6.537697
7.533947
5.157549
12.784772
12.119676
11.697796
14.696037
13.818162
6.137911
9.433362
7.126594
12.131072
16.002826
16.630444
5.757340
9.159403
12.056618
15.517448
9.866957
11.458933
13.490520
11.792937
13.995418
7.273347
11.929044
8.857100
6.414030
7.180557
11.993190
8.257372
14.287621
11.230435
10.089111
11.215167
35.597119
0.000000
0.000000
0.000000
0.000000
0.000000
54.733360
39.999255
44.313718
53.269936
