13.587673
9.499986
17.496864
8.863015
10.491318
11.136563
14.007692
17.829083
15.361886
9.924942
11.997442
10.352310
14.515192
9.212508
11.199012
20.100677
7.571882
14.835383
10.807351
16.205394
14.070809
12.129355
8.721264
19.109270
19.871923
8.592263
9.474480
12.971770
9.715677
19.003197
12.498707
7.496673
13.489922
13.791852
11.329677
8.214887
16.442071
7.466406
10.421149
11.496084
15.105947
8.421786
10.286963
15.566536
13.144472
10.714092
11.417213
11.128022
5.993234
9.747331
10.070152
14.194553
20.078227
12.127072
8.769417
15.975024
6.853007
8.193959
6.469636
13.236051
13.359131
13.431399
15.744145
14.154242
6.063071
9.433362
6.684647
13.324213
16.580598
18.551136
4.443901
8.340727
12.004506
15.517448
10.050538
11.927584
13.204208
12.684447
15.684390
9.501195
15.100373
8.028518
7.544887
7.180557
13.088551
9.066496
14.969523
12.121718
10.089111
11.783276
35.597119
0.000000
0.000000
0.000000
0.000000
0.000000
54.733360
39.999255
44.313718
53.269936
