31.963860
54.948821
44.505257
0.000000
0.000033
42.897652
49.350623
0.004659
50.002045
40.423395
0.000000
0.094991
57.790796
0.000002
41.254105
49.324668
45.264371
42.890071
0.188441
57.837434
0.170508
0.000000
0.000000
26.614948
76.730224
0.017704
45.254584
46.999958
0.260807
65.854870
53.997654
0.218937
34.963875
50.178976
0.093110
59.122960
0.298504
0.263429
0.047171
64.273129
0.135934
0.000159
0.018705
0.007091
46.598776
0.167132
38.398735
0.003123
0.562532
0.000119
0.080141
0.000000
0.000000
51.461410
65.740018
43.653312
0.000000
0.000000
0.053989
54.193166
62.949410
51.363472
44.518377
29.733642
76.418299
0.127585
47.483044
49.441751
65.730916
59.725570
62.652634
20.790069
0.000000
0.081760
0.000000
0.048365
53.922754
45.496535
35.184629
56.108305
0.016673
0.000000
0.215677
0.046469
48.658122
44.109782
47.824975
0.169658
48.359049
0.002114
54.347728
55.090316
61.480599
49.227393
0.000000
0.000000
0.000000
56.775561
45.390521
65.338237
