13.089685
9.082943
16.301359
8.863015
9.267695
10.966159
13.614392
16.883169
14.470781
9.924942
10.739373
9.872428
13.427868
9.067450
10.896657
19.867540
7.610294
13.765516
10.863276
15.399788
14.084618
11.401761
8.721264
18.069775
19.175829
8.592263
9.723136
12.325242
9.523831
19.003197
13.002616
8.250483
12.686486
13.448061
11.016519
7.908063
14.879993
7.241893
9.884220
10.251163
15.233126
8.661083
10.286963
15.501935
13.445908
10.189302
10.822245
10.426711
5.928525
8.738416
10.070152
13.069864
18.805312
12.599636
7.483508
15.110441
6.537697
7.975306
4.601800
12.655695
12.616579
12.922805
16.460176
14.690207
5.611930
9.433362
6.149632
13.850410
16.268479
17.445809
4.961008
8.476574
12.004506
15.517448
10.098729
11.976207
13.540862
11.688543
16.073935
9.294125
14.381274
8.394685
7.320758
7.180557
12.397909
9.290024
14.287621
11.292204
10.089111
11.482387
35.597119
0.000000
0.000000
0.000000
0.000000
0.000000
54.733360
39.999255
44.313718
53.269936
