15.953074
10.641679
19.046648
9.266810
10.987864
10.099230
14.135865
17.728932
15.263228
8.807246
14.737997
12.196165
16.046824
9.533618
12.234730
21.219525
8.174527
14.068747
10.451953
18.660887
16.393332
10.558525
8.573104
21.583475
22.158539
8.592263
10.240636
14.219735
13.914950
19.003197
14.365132
6.548914
14.344058
15.914650
13.321922
8.427424
17.968002
7.504276
9.105294
12.642142
14.719801
9.476068
10.286963
15.851144
14.926917
13.493526
11.417213
9.864387
7.943589
12.489246
10.070152
14.003554
22.041819
12.651915
8.936893
16.454066
5.955965
9.533719
6.749358
13.741014
13.682550
15.112036
16.480179
16.431421
4.733779
9.433362
9.740241
12.813005
16.541816
21.070163
5.820975
7.649724
14.033077
15.694207
10.452101
11.517830
13.954234
14.855440
17.298950
11.384922
19.418682
7.742429
8.082228
7.180557
13.426268
8.674135
16.138527
12.101295
12.619236
10.743584
35.597119
0.000000
0.000000
0.000000
0.000000
0.000000
54.733360
39.999255
44.313718
53.269936
