31.405256
53.182791
43.040279
0.209303
0.271451
42.897652
48.109814
0.021408
49.470789
39.413674
0.051613
0.000032
57.236697
0.012476
39.709149
48.810892
44.593628
42.059610
0.004613
57.837434
0.178356
0.143134
0.000000
25.609696
75.670965
0.000067
45.016657
45.564462
0.192247
65.865992
53.364806
0.024873
33.824855
48.724151
0.092184
58.313664
0.295781
0.000000
0.155833
64.273129
0.006611
0.004947
0.089908
0.041009
45.672280
0.512054
36.969552
0.000039
0.043544
0.018705
0.000001
0.295534
0.000000
51.152651
65.795844
42.410001
0.000000
0.036190
0.136836
53.014299
61.781091
50.928828
43.597511
29.938933
74.076925
0.000052
47.438900
48.164817
64.998151
58.346827
62.652596
20.319720
0.000016
0.008489
0.000000
0.185635
52.809653
44.291190
34.443756
55.577394
0.001847
0.038045
0.117188
0.000045
47.150888
43.744814
47.824975
0.000472
48.359049
0.000068
54.347728
55.090316
61.480599
49.227393
0.000000
0.000000
0.000000
56.775561
45.390521
65.338237
