15.996757
10.021543
18.721013
9.218284
10.385191
10.681341
13.451541
17.929297
15.491858
8.667772
13.966798
11.325750
16.059347
8.797402
10.879233
20.074079
8.256910
13.634719
10.933376
17.859974
15.135356
11.031446
9.052235
21.253406
21.260887
8.592263
10.069239
15.414573
12.209544
19.003197
13.282073
6.647945
14.575387
14.925016
12.476333
8.303768
16.898554
7.032448
9.305337
12.676071
13.718173
10.164865
10.286963
15.899197
14.557028
12.554821
11.417213
9.482898
6.548422
12.693684
10.070152
14.003554
21.300149
12.113566
8.710983
16.620724
5.674790
9.722574
5.932206
13.323895
13.019721
13.648121
15.609051
16.018617
5.048810
9.433362
9.508948
13.153199
15.694382
20.111131
6.097675
8.729122
13.013001
16.164609
10.452101
11.262919
13.613107
14.091079
15.740089
10.082468
18.589265
7.743411
7.187267
7.180557
13.961555
9.137258
15.603798
12.163413
12.097834
10.945943
35.597119
0.000000
0.000000
0.000000
0.000000
0.000000
54.733360
39.999255
44.313718
53.269936
