12.845383
9.238656
16.354605
8.863015
9.619148
10.771550
13.949580
16.602198
14.470780
9.924942
10.389944
9.670952
13.076283
9.155008
11.010123
19.874727
7.608367
13.702976
11.414391
15.399788
14.206330
11.401761
8.720623
18.228405
19.069874
8.592263
9.835139
12.745028
9.792549
19.003197
12.761465
8.318731
12.692427
13.493756
10.923131
8.533688
14.883186
6.761950
9.715903
9.892445
15.275169
8.429087
10.286963
15.387818
13.445906
10.221122
10.858027
10.477922
5.926932
8.958040
10.070152
13.074404
18.805312
12.231768
6.952742
14.726201
6.537697
7.687405
4.598376
12.565983
12.940356
12.570444
16.757234
15.103577
5.669904
9.433362
6.364503
13.572113
16.690791
17.445809
5.160722
8.624327
11.996414
15.517448
10.271534
11.489078
13.484246
11.386837
15.731780
8.612128
13.971503
8.737671
7.217671
7.180557
12.382792
9.289376
14.287621
11.533507
10.089111
11.248059
35.597119
0.000000
0.000000
0.000000
0.000000
0.000000
54.733360
39.999255
44.313718
53.269936
