11.223013
9.807408
15.455257
8.112661
9.745907
10.652308
14.185644
16.638962
13.608949
10.316027
10.626209
8.899174
13.545221
9.755242
11.086391
19.208775
7.360545
12.357720
11.601761
15.076131
13.874891
11.401761
8.570160
17.921226
17.600184
8.261920
9.835139
11.832906
9.462460
19.003197
12.649413
7.835065
12.413963
13.139733
10.115058
9.067642
12.851964
7.486012
9.793296
9.669410
14.396876
8.505765
10.286963
15.091796
12.668657
10.089429
11.558234
10.198861
5.415398
8.729473
10.070152
12.469560
17.709497
11.998848
6.967806
13.770773
6.537697
7.246683
4.459977
13.349473
12.695024
12.361484
15.921186
14.095623
6.535246
9.433362
7.263722
12.862960
16.268072
17.128762
5.225109
8.613621
12.263754
15.517448
9.913365
11.755776
12.700304
11.235668
14.445573
8.547016
12.825682
8.696381
6.731243
7.180557
11.496700
8.039881
14.287621
11.154246
10.089111
10.990634
35.597119
0.000000
0.000000
0.000000
0.000000
0.000000
54.733360
39.999255
44.313718
53.269936
