32.866413
54.958485
46.157646
0.165469
0.011691
42.897652
50.588472
0.120757
51.027600
41.501125
0.063994
0.000000
58.032008
0.061484
42.282334
50.338084
46.614932
43.576768
0.020364
58.278226
0.000000
0.001923
0.000000
27.357609
77.399988
0.042258
46.402052
48.779557
0.213531
66.837932
54.813839
0.057904
35.663112
50.178976
0.102903
59.279202
0.272812
0.055356
0.134799
64.273129
0.003234
0.033743
0.000000
0.065614
47.313947
0.105508
39.616676
0.011288
0.068291
0.291134
0.106568
0.000000
0.042896
52.843951
66.302722
44.007656
0.000000
0.106568
0.059074
54.862781
63.210956
52.008691
45.978735
30.465505
76.769566
0.000000
47.734166
50.097698
66.789659
60.917930
63.776083
22.063788
0.117776
0.005982
0.000001
0.029928
55.309304
46.819228
36.325915
55.951170
0.196131
0.240756
0.206187
0.158981
48.727728
45.340780
47.825734
0.117776
48.359049
0.031778
54.347728
55.090316
61.480599
49.227393
0.000000
0.000000
0.000000
56.775561
45.390521
65.338237
