15.978961
10.178990
18.541033
9.191258
10.089219
10.038523
13.521113
17.929297
15.740794
8.455870
13.983079
11.239647
16.091397
9.451336
11.492018
20.530601
8.319733
13.377592
10.502823
18.369668
15.030279
10.758323
9.257168
21.105823
22.057162
8.592263
10.167235
14.627857
12.415034
19.003197
13.466337
6.647945
14.298504
15.434236
12.243120
8.229346
17.527649
7.032448
8.805795
12.638073
14.177517
10.014525
10.286963
15.868069
14.921477
12.582725
11.417213
10.304597
6.716493
12.112757
10.070152
14.003554
21.634084
12.346867
8.735213
16.514830
6.441479
9.724980
5.841309
13.429210
13.019721
14.204359
15.877029
16.068479
5.184672
9.433362
9.618407
13.166637
15.562181
20.009711
5.752254
8.446588
13.072091
15.570190
10.452101
11.517830
13.446028
14.091079
16.159240
10.953183
19.182631
7.647252
7.187267
7.180557
13.597328
8.727535
15.656517
12.858915
12.639843
10.194922
35.597119
0.000000
0.000000
0.000000
0.000000
0.000000
54.733360
39.999255
44.313718
53.269936
