12.135754
9.673862
16.019751
8.781569
9.745907
11.046991
13.977434
16.813042
14.398116
9.924942
10.758679
9.633183
13.279279
9.232151
11.086391
19.847958
7.360545
13.614177
11.465617
15.399788
14.304321
11.401761
8.551981
18.147294
18.558225
8.592263
9.835139
13.146828
9.841380
19.003197
12.935126
7.920925
12.598770
13.289340
10.640586
8.989760
14.386362
7.102674
9.634166
9.892444
14.995487
9.011926
10.286963
14.923727
13.361812
10.505790
11.106768
10.147355
5.652795
8.498474
10.070152
13.233778
18.773281
12.229975
7.065697
14.606739
6.537697
7.506087
4.986995
12.716352
13.157518
12.473129
16.826845
14.942842
5.849184
9.433362
6.880061
13.884278
16.628684
17.445808
5.086250
8.940383
11.833588
15.517448
10.311323
11.483739
13.326032
11.588376
15.761992
8.677515
14.253221
8.696381
6.822025
7.180557
12.477960
8.984194
14.287621
11.296473
10.089111
11.426989
35.597119
0.000000
0.000000
0.000000
0.000000
0.000000
54.733360
39.999255
44.313718
53.269936
