15.078773
9.270970
18.247869
8.863015
10.831433
10.892158
14.507003
17.929297
15.049908
9.466130
12.312903
10.663940
15.103375
8.561349
11.375633
19.998703
8.032581
14.940981
11.629542
15.987111
14.869048
11.798696
8.721264
19.711619
19.871924
8.592263
8.770609
13.698977
10.585551
19.003197
12.535286
8.078478
14.045617
14.090847
12.043480
8.331038
18.054693
7.200999
9.328359
12.272200
14.736170
9.522221
10.286963
15.271177
13.176553
11.468497
11.417213
11.211918
6.605313
10.356295
10.070152
13.857265
21.330011
12.411759
8.468023
16.823561
6.376727
8.812187
5.828746
12.815075
13.091742
14.518545
16.747345
14.499073
5.999713
9.433362
7.417983
13.385820
16.758781
18.725214
5.392721
8.460691
11.628743
15.964422
9.841197
12.017279
13.090909
12.875091
15.205278
10.871343
16.064699
8.156088
8.384546
7.180557
13.995991
9.316708
14.727110
11.718251
10.958439
12.408731
35.597119
0.000000
0.000000
0.000000
0.000000
0.000000
54.733360
39.999255
44.313718
53.269936
