11.000622
10.006782
15.289473
8.183884
9.745907
11.215206
13.429928
15.143479
13.900030
10.264040
10.626209
9.912679
13.193324
10.663327
11.005873
18.818851
7.360545
12.275803
10.653968
14.417900
13.518980
11.398180
8.709662
16.666353
17.194315
7.563776
9.508006
11.339327
9.775462
19.003197
11.877680
8.015828
11.668835
12.459834
9.859713
9.067641
12.907432
7.785234
9.066031
8.960635
14.149099
8.776063
10.286963
15.900703
12.046509
8.831667
11.387101
10.022251
5.108763
9.349867
10.070152
12.696075
16.467506
10.851514
7.476955
12.713355
6.537697
7.533947
5.601601
13.050230
12.246517
11.480733
14.609803
13.818162
6.354852
9.433362
7.085705
12.285664
16.043498
16.694073
5.757340
8.977877
12.117855
15.517448
9.728417
11.458933
13.622501
11.534112
13.484902
7.467158
11.560222
9.065238
6.414030
7.180557
12.158688
7.901249
14.287621
10.897134
10.089111
10.969224
35.597119
0.000000
0.000000
0.000000
0.000000
0.000000
54.733360
39.999255
44.313718
53.269936
