12.054064
8.248645
15.474392
7.827514
9.745907
11.655566
12.855101
13.885464
13.413287
10.594537
10.626209
9.352574
12.754794
10.597879
10.828767
17.850021
7.694260
11.964972
10.653968
13.651317
13.188637
12.374005
8.383762
16.511244
15.559457
7.210265
8.390218
11.422933
9.752261
19.003197
11.609145
8.433246
11.294242
11.521653
10.134934
9.117450
12.423765
8.247859
8.947021
8.964191
14.563229
9.332794
10.286963
14.938109
11.038373
8.931385
10.185515
10.022251
4.795701
9.166858
10.070152
11.628746
16.098713
10.700425
8.000075
13.145953
6.537697
7.955598
6.052072
12.720385
11.868643
10.764241
13.045322
12.634668
6.586927
9.433362
8.009529
13.736142
15.694872
16.471434
5.583866
9.972289
12.767383
15.517448
9.962928
11.458933
12.956992
11.271325
12.971330
7.347629
12.295776
8.447432
6.532020
7.180556
11.677276
6.858643
14.287621
10.454260
8.767154
11.014469
35.597119
0.000000
0.000000
0.000000
0.000000
0.000000
54.733360
39.999255
44.313718
53.269936
