31.841824
54.898691
44.789228
0.000011
0.013788
42.897652
49.359350
0.245619
50.262145
40.397909
0.042896
0.000000
57.742583
0.000790
41.254644
49.371713
45.442077
42.941553
0.005072
57.837444
0.058194
0.000000
0.000000
26.389426
76.661236
0.169658
45.278433
46.914612
0.000000
65.804289
54.020370
0.000000
34.971492
50.178976
0.018612
59.122682
0.188806
0.000000
0.000000
64.273129
0.445296
0.066939
0.191288
0.052656
46.845620
0.000000
38.359004
0.147493
0.376480
0.050088
0.000000
0.000000
0.000017
51.459875
65.740060
43.651807
0.000000
0.000002
0.000000
54.157673
62.949410
51.363472
44.516697
29.733642
75.905510
0.138211
47.579486
49.097437
66.022699
59.958323
62.668615
20.788311
0.022846
0.000000
0.000000
0.012792
54.010775
45.481772
35.369362
56.108305
0.000000
0.084249
0.140300
0.037292
48.381409
44.350077
47.824975
0.000000
48.359049
0.000000
54.347728
55.090316
61.480599
49.227393
0.000000
0.000000
0.000000
56.775561
45.390521
65.338237
