14.421029
9.270969
18.247869
8.863015
11.017428
10.730660
14.007324
17.929297
15.049903
9.566387
12.301482
10.663921
14.689839
8.522127
10.861297
20.076520
7.509263
14.940979
11.206821
15.987111
14.869002
11.670670
8.721264
19.567916
19.871924
8.592263
8.995930
13.087535
10.534824
19.003197
12.603960
7.644852
13.527766
13.838436
12.283285
8.240639
17.634897
6.871340
9.834165
12.245816
14.643946
9.205741
10.286963
15.293983
13.115282
11.468497
11.417213
11.378379
6.052137
10.037270
10.070152
13.857243
21.261924
12.220616
8.411736
16.634870
6.162621
8.243594
5.541298
12.924455
12.725547
14.202498
16.219795
14.154242
6.023090
9.433362
6.862104
13.034790
16.644429
18.619750
5.156314
8.395109
11.434945
15.684703
10.104334
11.466300
13.089411
12.672026
14.844869
10.733889
15.905312
8.116861
8.171351
7.180557
13.741440
9.088156
15.110085
12.028727
10.694571
12.075258
35.597119
0.000000
0.000000
0.000000
0.000000
0.000000
54.733360
39.999255
44.313718
53.269936
