35.550147
59.407197
49.155108
0.040804
0.125059
43.154576
54.096183
0.031778
53.849972
45.395795
0.096427
0.427893
59.038180
0.109813
47.384271
53.546800
47.541490
46.869296
0.356236
61.855354
0.333386
0.233640
0.013181
31.168815
80.226923
0.195153
49.964568
52.564806
0.080946
69.569970
57.626062
0.295534
38.297201
51.681660
0.014788
59.279202
0.486822
0.020364
0.028611
66.035606
0.050591
0.016019
0.027627
0.128224
47.262560
0.000000
42.899424
0.086382
0.095946
0.230162
0.000000
0.000017
0.009912
55.446602
68.036262
46.582025
0.050591
0.145297
0.083829
56.746556
65.451264
56.930143
48.315381
34.260916
79.741293
0.000017
50.760033
52.541336
70.122959
63.811859
66.652681
26.888101
0.000017
0.000017
0.071078
0.128867
60.632215
51.724063
41.599463
59.725150
0.113158
0.000000
0.146026
0.101879
51.279339
46.827020
52.686629
0.000017
51.381988
0.285369
54.347728
55.090316
61.480599
49.227393
0.000000
0.000000
0.000000
56.775561
45.390521
65.338237
