11.977026
8.077498
14.463297
7.401307
9.476536
11.792535
13.790744
12.350975
12.480558
10.392242
10.626209
9.822400
13.936669
10.158151
12.956241
17.454569
8.166504
12.090015
10.617426
12.594608
12.494122
11.317514
9.389595
15.335841
14.023941
7.522681
8.419695
11.707988
9.047272
19.003197
9.833448
9.065517
10.519664
11.453025
10.566766
9.189281
12.480235
7.609079
9.481517
8.669180
15.325505
9.281111
10.286963
13.861367
10.907730
7.645364
10.716535
9.451889
4.795701
8.379554
9.108485
12.210533
15.724698
10.412590
8.719145
12.354772
6.537697
8.369910
5.969148
11.932160
12.754330
10.679550
10.974544
11.782260
7.310790
9.980446
8.429776
13.371615
15.988265
15.886429
5.814715
11.906558
13.061563
15.517448
10.035891
11.575945
12.956992
10.267186
12.947421
7.264665
12.496809
9.069240
6.878180
7.469685
10.510549
7.036405
14.272977
10.282170
8.315718
11.014469
35.597119
0.000000
0.000000
0.000000
0.000000
0.000000
54.733360
39.999255
44.313718
53.269936
