11.280056
10.077333
15.443754
8.120453
9.745907
10.370347
14.744236
16.212868
13.312199
10.342725
10.626209
9.062996
13.722402
9.696236
11.086391
19.335308
7.360545
12.305188
11.294758
15.281890
13.879499
11.401761
8.567632
17.718408
17.439110
8.030178
9.835138
11.186795
9.443639
19.003197
13.135519
8.015828
12.443794
13.180717
10.115058
9.067642
12.907432
7.181308
8.984561
9.242413
14.396876
8.701192
10.286963
15.201916
12.898469
9.679645
11.323040
10.323045
5.485860
8.970419
10.070152
12.247702
17.290873
11.704806
6.965253
13.641069
6.537697
7.415838
4.646545
13.243883
13.035032
11.802235
16.116043
13.818162
6.301363
9.433362
7.530038
12.485656
16.103629
16.917559
5.142875
8.441563
12.179087
15.517448
9.913365
11.510218
12.728101
11.328329
14.227714
8.320939
13.080725
8.677699
6.429149
7.180557
11.583603
8.376188
14.287621
11.401716
10.089111
11.283394
35.597119
0.000000
0.000000
0.000000
0.000000
0.000000
54.733360
39.999255
44.313718
53.269936
