29.813700
52.326666
42.250052
0.036190
0.016099
42.897652
47.711214
0.100362
48.371723
38.329964
0.000000
0.027904
56.401546
0.024380
39.319175
48.203695
43.805643
41.086218
0.000000
58.055485
0.051100
0.070020
0.000000
25.150933
74.174828
0.005690
44.497904
45.392704
0.046469
65.034702
52.854967
0.081352
33.891519
47.173529
0.008321
57.478114
0.000000
0.002688
0.000000
64.273129
0.000000
0.000000
0.495259
0.080542
44.513717
0.168165
36.081344
0.000013
0.038236
0.209531
0.030994
0.295534
0.206187
50.113111
65.584419
42.076770
0.000000
0.000000
0.191288
53.272469
61.517429
50.378341
43.159425
28.662991
72.957117
0.000000
46.978389
47.542261
64.784873
58.131137
62.652596
18.910046
0.088127
0.000011
0.000000
0.031778
52.295102
43.892400
34.443756
54.924631
0.000000
0.145297
0.038236
0.000000
45.679956
43.744814
47.824975
0.000000
48.359049
0.496995
54.347728
55.090316
61.480599
49.227393
0.000000
0.000000
0.000000
56.775561
45.390521
65.338237
