15.725495
9.997061
18.673375
8.863015
10.445909
10.720103
13.828662
17.929297
15.700808
9.420601
13.210151
10.730812
15.975437
9.074393
11.036677
19.683302
8.539223
14.851820
11.990742
17.257478
14.725874
12.268593
8.937999
21.220875
20.580842
8.592263
9.928104
14.596989
11.585209
19.003197
13.222689
6.980073
14.693544
14.127144
12.192038
9.191828
17.243150
7.032448
9.154507
12.997964
14.230235
10.255760
10.286963
16.017715
14.154641
12.496546
11.417213
10.295096
6.543547
11.209882
10.070152
13.857265
21.534911
12.538893
8.710983
17.154463
5.448901
8.876827
5.569272
13.770475
13.018888
14.063422
16.715360
15.178895
5.013561
9.433362
8.210379
13.385847
16.097850
19.821118
5.846400
8.664793
12.162743
16.376550
10.452100
11.674832
13.998406
13.404856
15.499234
10.392742
18.049274
8.023469
7.665914
7.180557
13.947930
9.213242
14.849820
12.001672
11.260454
11.699558
35.597119
0.000000
0.000000
0.000000
0.000000
0.000000
54.733360
39.999255
44.313718
53.269936
