15.495338
9.733927
18.718816
9.002014
10.581444
10.856883
13.258280
17.929297
15.488486
9.062221
13.084834
10.659074
16.194689
8.482273
10.917207
19.930481
8.207958
14.962311
11.505602
17.827576
15.005684
12.628315
8.940878
20.863196
21.048681
8.592263
10.018243
14.947410
11.948961
19.003197
13.060931
7.044596
15.087741
14.616967
12.192038
9.191831
16.790875
7.032448
9.536403
12.795702
13.980465
10.257524
10.286963
15.775534
14.443395
12.648298
11.417213
10.026558
6.459986
11.789600
10.070152
14.061265
21.580225
12.176002
8.710983
17.143417
5.110160
9.020315
5.800085
13.711077
13.019721
13.769613
15.820984
15.269667
4.845157
9.433362
8.299128
13.129076
15.934803
20.144752
5.748634
8.841314
12.391752
16.158228
10.452101
11.851824
14.172224
13.914460
15.532756
10.316489
18.049355
8.144161
7.786851
7.180557
13.848094
8.834814
14.849820
12.001672
11.665051
12.071262
35.597119
0.000000
0.000000
0.000000
0.000000
0.000000
54.733360
39.999255
44.313718
53.269936
