15.509144
9.726401
18.735670
9.001805
10.581443
10.687221
13.308291
17.929297
15.489574
9.408785
13.150487
10.789566
16.187066
8.886997
10.726354
19.952586
8.336227
14.817590
11.558605
17.479978
14.944971
12.626212
8.940878
20.990611
21.048673
8.592263
10.018209
14.880635
11.978329
19.003197
13.026626
6.927078
14.916892
14.797019
12.192038
9.191831
17.003570
7.032448
9.366707
12.727186
14.269320
10.257524
10.286963
15.915372
14.443393
12.648297
11.417213
10.170710
6.500246
11.788176
10.070152
13.995729
21.452535
12.168363
8.710983
17.253940
5.233742
8.793666
5.850418
13.742323
13.019721
14.146207
16.440637
15.081954
4.766088
9.433362
8.465497
13.385847
15.963729
19.899405
5.786490
8.747931
12.357783
16.186243
10.452101
11.961052
14.201559
13.652327
15.328826
10.222023
18.049355
7.845582
7.540147
7.180557
13.830569
8.787604
14.849820
12.001672
11.544830
11.930282
35.597119
0.000000
0.000000
0.000000
0.000000
0.000000
54.733360
39.999255
44.313718
53.269936
