16.363420
9.710080
18.677148
9.280725
10.008578
10.404873
13.790802
17.929297
15.571932
8.430535
14.561112
11.608795
16.050634
9.296162
11.742143
20.702934
8.244396
13.648252
9.988222
18.660802
15.408930
10.874126
9.274005
20.917672
21.925451
8.592263
10.264133
14.343882
12.389409
19.003197
14.229165
6.647945
14.344058
15.160428
12.312421
8.673565
17.968002
7.032448
8.146740
12.938072
14.609381
9.342817
10.286963
15.851118
14.926917
12.286488
11.417213
10.060870
7.163995
12.628933
10.070152
14.003554
21.241256
12.717547
8.620407
16.352033
6.437308
9.724980
6.472189
13.789617
13.019721
14.864111
15.615604
16.241207
4.525142
9.433362
9.740213
12.898880
16.121928
20.220822
6.247735
8.088051
13.327727
15.501386
10.452101
11.517830
13.667331
13.811528
16.093719
11.163874
18.672960
7.791323
7.677669
7.180557
13.366203
8.815588
15.642418
12.958071
12.619236
10.295314
35.597119
0.000000
0.000000
0.000000
0.000000
0.000000
54.733360
39.999255
44.313718
53.269936
