11.089379
10.009508
15.253527
8.428838
9.745907
11.370294
13.376263
15.131869
13.864523
10.229178
10.626209
10.033702
13.189148
10.698411
10.720824
18.713115
7.360545
12.263001
10.653968
14.363894
13.523902
11.362633
8.495904
16.822061
17.035675
7.376478
9.367096
11.256266
9.775442
19.003197
11.948735
8.015828
11.820169
12.464316
10.217490
9.067631
12.907432
7.876870
8.873677
8.813966
14.377973
9.042627
10.286963
15.901963
12.155325
9.152103
11.584466
10.022251
5.108763
9.632599
10.070152
12.484391
16.570968
10.647336
7.446638
13.016975
6.537697
7.533946
5.551193
13.086128
12.317301
11.284223
14.688395
13.818154
6.417223
9.433362
7.045214
12.585220
16.043498
16.406066
5.757340
8.746364
12.105869
15.517448
9.748343
11.458933
13.611890
11.632360
13.359334
7.272487
11.785118
9.338231
6.414030
7.180557
12.158686
7.864772
14.287621
11.052003
10.089111
10.894767
35.597119
0.000000
0.000000
0.000000
0.000000
0.000000
54.733360
39.999255
44.313718
53.269936
