16.363566
9.890761
19.295075
9.266657
10.416787
10.404874
14.305548
17.929297
15.652517
8.442647
14.616798
12.422624
16.123062
9.085061
12.290427
20.996384
8.244409
13.648252
9.886396
18.660887
15.877629
10.717715
9.364067
21.180365
21.737107
8.592263
10.203328
14.121971
13.109762
19.003197
14.229175
6.963759
14.344058
14.979779
12.330007
8.745115
17.968002
7.003755
8.179803
12.754078
14.892928
9.342926
10.286963
15.851144
14.926917
12.762914
11.417213
10.110765
7.493587
12.411901
10.070152
14.003554
21.260310
12.717554
8.625961
16.432096
6.478015
9.724980
6.384642
13.874603
13.483149
15.111014
15.974676
16.241983
4.648814
9.433362
9.740241
12.811496
16.604360
20.715895
6.530090
8.158401
13.555066
15.585906
10.452101
11.517830
13.779182
14.288413
16.050938
11.145733
18.901783
7.492801
7.797780
7.180557
13.366203
9.071565
15.843097
12.549939
12.619236
10.409884
35.597119
0.000000
0.000000
0.000000
0.000000
0.000000
54.733360
39.999255
44.313718
53.269936
