16.363420
9.710080
18.647976
9.275288
10.004691
10.404873
13.789097
17.929297
15.541873
8.410657
14.557864
11.578281
16.050634
9.257754
11.740930
20.701803
8.244396
13.648252
9.977917
18.660802
15.378977
10.874126
9.274005
20.917672
21.925191
8.592263
10.235394
14.335524
12.388196
19.003197
14.229165
6.646995
14.344058
15.128787
12.309488
8.669098
17.968002
7.002687
8.139889
12.938072
14.598649
9.342817
10.286963
15.851118
14.926917
12.286488
11.417213
10.057226
7.153062
12.622758
10.070152
14.003554
21.220580
12.717547
8.613430
16.342077
6.419559
9.724980
6.469502
13.789617
13.019721
14.850156
15.613977
16.241207
4.521942
9.433362
9.740213
12.889872
16.111739
20.203466
6.245076
8.059767
13.314699
15.464535
10.452101
11.517830
13.667331
13.791549
16.080601
11.144124
18.639099
7.763936
7.675590
7.180557
13.366203
8.815588
15.628843
12.955275
12.619236
10.262064
35.597119
0.000000
0.000000
0.000000
0.000000
0.000000
54.733360
39.999255
44.313718
53.269936
