16.487058
10.726779
19.182017
9.266810
10.490478
10.222758
13.964057
17.594635
15.895889
8.918222
15.475492
12.323587
16.127109
8.936169
12.148574
20.966368
7.839832
13.648252
10.608451
18.660887
16.133623
10.342279
9.179222
21.568808
21.936104
8.592263
10.529250
14.121972
13.145236
19.003197
14.056921
6.691162
14.344058
15.523855
12.871353
8.658490
17.968002
7.475056
8.916029
12.765571
15.148365
9.614333
10.286963
15.851144
14.926917
13.164616
11.417213
10.055747
7.789245
12.359055
10.070152
14.003554
21.866460
12.683084
8.752229
16.641690
6.256293
9.567676
6.395697
13.787201
13.588991
15.112036
16.554439
16.085651
4.532217
9.433362
9.740241
12.813005
16.632375
20.715929
6.066717
7.875992
13.659261
15.961574
10.452101
11.517830
13.795781
14.670367
16.588734
11.412838
19.519806
7.661007
8.278061
7.180557
13.366203
8.912680
16.207771
12.357241
12.619236
10.948626
35.597119
0.000000
0.000000
0.000000
0.000000
0.000000
54.733360
39.999255
44.313718
53.269936
