11.524195
7.923145
15.013127
7.722804
9.476536
11.599389
12.945141
12.532192
12.528189
9.775214
10.626209
9.726330
14.172993
10.967032
12.401638
18.277172
8.330326
11.801120
10.750171
12.895652
12.343356
11.258451
8.644509
15.805064
14.704535
6.936622
8.744664
11.853555
9.428973
19.003197
10.460230
9.252052
10.960993
11.139054
10.172489
9.485930
12.573975
8.573378
9.578924
8.597923
14.563139
9.282146
10.286963
14.494162
10.837752
8.094752
10.794982
10.021834
4.795701
8.723948
9.818802
11.858752
16.249015
10.412592
9.471133
12.606612
6.537697
7.955598
5.966809
12.217943
12.539720
11.075421
11.382995
12.485068
7.448025
9.666860
7.857262
13.960678
15.694872
16.928808
5.758696
11.459004
13.874370
15.517448
10.404813
11.458933
12.956992
10.723193
13.659887
7.061840
12.496809
8.557317
7.504325
7.651886
10.954171
7.036405
14.287621
10.444504
8.403193
11.014469
35.597119
0.000000
0.000000
0.000000
0.000000
0.000000
54.733360
39.999255
44.313718
53.269936
