35.522333
59.251093
49.190027
0.046237
0.001029
42.899766
53.692773
0.087250
53.789297
44.864524
0.259507
0.000000
58.735093
0.052393
47.283967
53.546800
47.306819
46.641938
0.014788
61.733821
0.297314
0.055080
0.000108
31.086321
79.999208
0.078162
49.884490
52.024793
0.000666
69.261722
57.628960
0.297966
38.297201
51.338929
0.000000
59.279202
0.135563
0.161383
0.047408
65.787934
0.012985
0.000000
0.000227
0.001055
47.422762
0.099861
42.855406
0.000000
0.084249
0.073610
0.065942
0.000000
0.081760
55.237657
68.170065
46.476366
0.034425
0.053720
0.085523
56.746556
64.913927
56.660964
48.038569
33.981537
79.054676
0.000000
50.760033
52.417860
69.859303
63.811859
66.391109
26.539538
0.209303
0.003186
0.166298
0.120155
60.369235
51.032279
41.379723
59.590116
0.102903
0.148233
0.006384
0.000838
51.037422
46.306621
52.305367
0.267410
50.981922
0.113725
54.347728
55.090316
61.480599
49.227393
0.000000
0.000000
0.000000
56.775561
45.390521
65.338237
