16.061593
10.643261
18.971801
9.266810
11.110488
10.321086
13.968759
17.741906
15.406214
8.587405
14.511227
12.238593
16.069799
9.534058
12.042164
21.127719
8.174596
13.888440
10.455139
18.660887
16.581018
10.557220
8.799212
21.653658
22.385126
8.592263
10.224264
14.329811
13.823913
19.003197
14.365132
6.205641
14.640594
15.914657
13.322155
8.597267
17.968002
7.504276
8.830464
12.682892
14.947998
9.687768
10.286963
15.851144
14.926917
13.637799
11.417213
9.673465
7.989790
12.246100
10.070152
14.003554
22.094318
12.651915
8.981050
16.262679
5.970873
9.566790
6.749410
13.913727
13.632741
14.975964
16.577609
16.431421
4.905688
9.433362
9.610805
12.813005
16.541816
21.070260
5.848448
7.708546
14.039231
15.481871
10.452101
11.517830
13.954538
14.855440
17.547898
11.230834
19.562524
7.524863
7.994759
7.180557
13.351285
8.831018
16.139567
12.055610
12.619236
10.779648
35.597119
0.000000
0.000000
0.000000
0.000000
0.000000
54.733360
39.999255
44.313718
53.269936
