11.252251
9.812931
15.296282
8.207578
9.745907
11.313928
13.233617
15.244443
14.104375
10.044131
10.626209
9.689856
13.048247
10.356552
11.187083
18.857585
7.360545
12.305186
10.653968
14.127878
13.553118
11.401760
8.597223
16.644660
17.164523
7.511012
9.509900
11.612870
9.775462
19.003197
12.176973
8.015828
11.731086
12.815000
9.575951
9.067642
12.907432
7.759728
8.886778
8.855597
14.306017
8.457028
10.286963
15.902001
12.571122
8.743752
11.757263
10.022251
5.108763
9.158767
10.070152
12.533546
16.206235
10.814634
7.516476
12.722783
6.537697
7.533947
5.142688
13.125823
12.186739
11.593123
14.784995
13.818162
6.127078
9.433362
7.018909
12.129020
15.800538
16.566409
5.757340
9.180983
12.171581
15.517448
9.855959
11.458933
13.568449
12.078419
13.729207
7.148678
11.920969
8.806994
6.414030
7.180557
11.955487
8.130904
14.287621
11.008012
10.089111
10.978475
35.597119
0.000000
0.000000
0.000000
0.000000
0.000000
54.733360
39.999255
44.313718
53.269936
