35.293971
58.644993
48.450302
0.077772
0.248088
42.897652
53.295865
0.105508
53.714697
44.083120
0.026945
0.023542
58.735093
0.024625
46.739303
53.221621
47.419550
46.219164
0.010473
60.801323
0.258117
0.016099
0.000000
30.070520
78.655214
0.267615
48.916112
51.781609
0.298504
68.547853
57.383944
0.078554
38.297201
50.969054
0.164643
59.279202
0.001410
0.000802
0.084672
65.395599
0.056474
0.007876
0.000000
0.081352
47.314148
0.448242
42.279365
0.055912
0.130162
0.005748
0.029189
0.000000
0.000285
54.602668
67.117844
45.896349
0.159778
0.093110
0.000000
56.489916
64.316933
55.943618
47.643459
33.423946
78.571223
0.180149
50.338445
51.508873
69.528213
63.811859
65.852373
25.883854
0.234811
0.058486
0.000177
0.128224
59.597808
50.804557
40.905716
59.035734
0.072878
0.235988
0.044203
0.208259
50.618911
46.167493
51.149005
0.020061
50.053769
0.000170
54.347728
55.090316
61.480599
49.227393
0.000000
0.000000
0.000000
56.775561
45.390521
65.338237
