11.070955
10.077344
15.455157
8.071632
9.745907
10.643472
14.488449
16.627781
13.450876
10.657607
10.626209
9.132361
13.588932
10.142730
11.086391
19.287325
7.360545
12.443519
11.315744
15.202149
14.051831
11.401761
8.570138
18.117735
17.428331
8.027785
9.835139
11.431137
9.449711
19.003197
12.948968
7.978322
12.322602
13.180718
10.115058
9.067642
12.881674
7.169868
9.456007
9.526761
14.396876
8.696673
10.286963
15.459921
12.898858
10.014670
11.483371
10.330843
5.424502
8.972221
10.070152
12.450753
17.705718
12.103755
6.967784
13.684914
6.537697
7.441343
4.733702
13.063400
12.961744
12.177595
15.906900
13.818162
6.418586
9.433362
7.437221
12.730966
16.266647
16.822822
5.280585
8.528703
12.188339
15.517448
9.913365
11.934137
12.924406
11.387013
14.494714
8.516162
13.083109
8.696219
6.429149
7.180557
11.470384
8.384104
14.287621
11.358657
10.089111
11.272492
35.597119
0.000000
0.000000
0.000000
0.000000
0.000000
54.733360
39.999255
44.313718
53.269936
