11.973151
8.190151
14.053250
7.362345
9.476536
11.636004
13.998927
12.388513
12.555584
10.465869
10.626209
9.737651
13.784659
10.111985
12.903918
17.351838
8.166504
11.817511
10.407169
12.594608
12.253050
10.911993
9.232988
14.942997
14.174658
8.025500
8.065213
11.597301
9.321152
19.003197
9.779438
9.251995
10.452786
11.221962
10.432966
9.189281
12.451880
7.766823
9.397611
8.669180
15.360581
9.278615
10.286963
13.819746
10.873793
7.645364
10.753367
9.461466
4.795701
7.985856
9.444771
12.032740
16.050703
10.504645
8.507454
12.422885
6.537549
8.384479
5.999484
11.817664
12.838256
10.626215
10.974544
11.298198
7.230077
10.180388
8.359454
13.042197
15.894437
15.978293
6.030990
12.125212
13.016020
15.517448
10.035891
11.380423
12.956991
10.338230
12.947421
7.489358
12.496809
8.876548
6.878180
7.515735
10.510522
7.036405
14.044362
10.453720
8.315718
11.014469
35.597119
0.000000
0.000000
0.000000
0.000000
0.000000
54.733360
39.999255
44.313718
53.269936
