11.148529
10.075875
15.078728
8.257883
9.745907
10.600014
14.383584
16.212868
13.195557
9.686378
10.626209
8.820258
13.808890
9.643960
11.086391
19.413338
7.360545
12.305188
11.275928
15.013234
13.724790
11.401761
8.268248
17.602523
17.470772
7.584527
9.835133
11.121505
9.538873
19.003197
13.190736
8.015828
12.219182
13.180591
10.115058
9.067642
12.907432
7.222247
9.070513
8.876538
14.396876
8.412520
10.286963
15.170352
13.014332
9.488740
11.597045
10.072322
5.474427
8.768658
10.070152
12.689654
17.290717
11.605172
6.662458
13.348251
6.537697
7.610651
4.582404
13.105289
12.824466
11.646623
15.951357
13.818162
6.086662
9.433362
7.486453
12.284409
16.182188
16.885527
5.461501
8.493582
12.232964
15.517448
9.913365
11.458933
12.834710
11.351894
13.910221
7.867285
12.797947
8.197936
6.429149
7.180557
11.410815
8.268818
14.287621
11.398255
10.089111
11.551940
35.597119
0.000000
0.000000
0.000000
0.000000
0.000000
54.733360
39.999255
44.313718
53.269936
