31.695400
54.425033
44.223763
0.000000
0.173953
42.897652
49.255554
0.035296
49.524204
40.429621
0.007380
0.114868
57.682090
0.000000
41.217285
49.293862
44.924449
42.946316
0.029189
57.837434
0.000000
0.000000
0.000000
26.194269
76.474705
0.046936
45.247606
46.666751
0.185635
65.674916
53.990464
0.204135
34.386388
50.223510
0.501088
58.783518
0.304730
0.005495
0.000000
64.273129
0.129898
0.000003
0.019961
0.000148
46.215669
0.003486
38.148178
0.000000
0.300334
0.000002
0.274179
0.000000
0.000000
51.459907
65.740018
43.623594
0.000000
0.000000
0.089459
53.887637
62.923298
51.363472
44.516732
29.733642
75.907528
0.000000
47.663705
49.007488
65.606308
59.414355
62.652597
20.788348
0.049342
0.064961
0.000000
0.181959
53.738434
45.335354
34.709568
56.108305
0.424390
0.000000
0.000000
0.000000
48.248415
43.886628
47.824975
0.000000
48.359049
0.000044
54.347728
55.090316
61.480599
49.227393
0.000000
0.000000
0.000000
56.775561
45.390521
65.338237
