11.524195
7.923146
14.712695
7.948474
9.476536
11.710870
12.847721
12.731382
12.474382
9.775255
10.626209
9.726330
14.083379
10.789357
12.072638
18.003693
8.624917
11.815930
10.763176
12.895652
12.343356
11.388965
8.961813
15.805064
14.713698
6.936623
8.845406
11.893212
9.770134
19.003197
10.552099
9.174732
11.165727
11.058032
9.883043
9.361982
12.600881
8.770288
9.578924
8.635036
14.563229
9.282146
10.286963
14.509382
10.712777
7.929706
10.794982
10.022251
4.795701
8.661559
10.176545
11.858752
16.095950
10.412592
9.377433
12.606663
6.537697
7.955598
5.967144
12.435287
12.505908
10.828996
11.415797
12.611451
7.316924
9.431356
7.723552
13.968332
15.694872
16.928808
5.815501
11.735067
13.880529
15.517448
10.156496
11.458933
12.956992
10.745517
13.574380
7.061840
12.496809
8.527870
7.581964
7.665438
10.964178
7.036405
14.287621
10.744670
8.752575
11.014469
35.597119
0.000000
0.000000
0.000000
0.000000
0.000000
54.733360
39.999255
44.313718
53.269936
