15.979874
9.680628
18.426284
9.340895
9.938569
10.380149
13.637760
17.929297
15.543237
8.342484
14.301613
11.582293
16.091414
9.619585
11.736307
20.527697
8.421721
13.648095
10.117185
18.490802
15.030279
10.874126
9.274005
20.802919
22.007396
8.592263
10.002974
14.294543
12.482906
19.003197
13.859923
6.647945
14.343045
15.306656
12.423534
8.355909
17.961966
7.032448
8.174554
12.937950
13.959415
9.679587
10.286963
15.687781
14.926917
12.074872
11.417213
10.200412
6.944650
12.433920
10.070152
14.003554
21.387832
12.491840
8.377906
16.464193
6.391381
9.724980
6.176009
13.641510
13.019721
14.628527
15.796968
16.086106
4.657926
9.433362
9.626644
12.941331
15.763682
20.404943
6.015650
8.274006
13.282382
15.309320
10.452101
11.517830
13.614464
14.091079
16.032294
10.966877
18.775810
7.995755
7.635058
7.180557
13.366175
8.710712
15.515939
12.676468
12.619216
10.073718
35.597119
0.000000
0.000000
0.000000
0.000000
0.000000
54.733360
39.999255
44.313718
53.269936
