31.638573
54.125388
43.876603
0.060569
0.245619
42.897652
48.454033
0.114295
49.251669
40.111113
0.041628
0.133457
57.343031
0.140300
40.632137
49.544187
44.632020
42.358306
0.142420
57.837434
0.000319
0.050088
0.000000
25.987936
76.006648
0.035296
45.247458
46.264095
0.008661
65.671082
53.897174
0.154282
34.120830
49.439792
0.135898
58.414438
0.247399
0.000000
0.057328
64.273129
0.267410
0.000000
0.036737
0.000000
46.348677
0.000000
37.658222
0.026148
0.038470
0.000000
0.128867
0.321036
0.000000
51.459875
66.006875
43.258647
0.000000
0.000000
0.061484
53.333017
63.033746
51.044281
44.274944
29.733642
74.966670
0.021516
47.735923
48.818696
65.606325
58.796328
62.652596
20.254163
0.002812
0.087688
0.000000
0.143134
53.109803
44.799857
34.451211
55.949946
0.176478
0.001403
0.206187
0.000000
47.887275
43.873232
47.824975
0.010473
48.359049
0.010062
54.347728
55.090316
61.480599
49.227393
0.000000
0.000000
0.000000
56.775561
45.390521
65.338237
