31.477819
53.907716
43.302231
0.000000
0.000000
42.897652
48.122315
0.118959
49.251556
39.674715
0.050591
0.000000
57.269459
0.001322
40.055316
49.172301
44.181166
42.384935
0.199095
57.837434
0.056192
0.000472
0.000000
25.806812
75.732470
0.000000
45.247458
45.952263
0.000000
65.671082
53.751469
0.000000
33.855391
49.186996
0.044647
58.405859
0.377961
0.000000
0.024998
64.273129
0.138211
0.073979
0.018243
0.000000
46.221756
0.009668
37.416801
0.203117
0.007270
0.000000
0.027352
0.295774
0.000000
51.511982
65.802589
42.755710
0.000000
0.000000
0.127585
53.249759
62.088856
51.045877
44.093823
29.733642
74.474206
0.215677
47.524648
48.411116
65.321230
58.754469
62.652596
20.245020
0.016756
0.224479
0.000000
0.089013
53.308351
44.584399
34.443826
55.872854
0.234811
0.000013
0.000000
0.000000
47.893029
43.751834
47.824975
0.229014
48.359049
0.000000
54.347728
55.090316
61.480599
49.227393
0.000000
0.000000
0.000000
56.775561
45.390521
65.338237
