13.653698
9.352604
17.566829
8.863015
10.519737
10.987549
13.836896
17.901514
15.361976
9.924942
12.033442
10.201537
14.669856
9.245927
11.388329
20.309751
7.666741
14.876561
10.964626
16.107181
14.093818
12.129356
8.721264
19.226492
19.871924
8.592263
9.459560
12.971770
9.647354
19.003197
12.509014
7.580769
13.710751
14.112186
11.258370
8.059113
16.384749
7.282447
10.391568
11.602510
14.884834
8.462310
10.286963
15.345906
13.121455
10.819241
11.417213
10.902637
6.113152
9.727062
10.070152
14.200960
20.188438
12.144985
8.981615
16.270935
6.887557
8.193959
6.732724
13.068788
13.300462
13.726654
15.713086
14.154242
6.201090
9.433362
6.848162
13.309508
16.598189
18.587096
4.444386
8.342322
12.004506
15.517448
9.935965
11.747881
13.208017
12.628194
15.741772
9.602502
15.357651
7.973849
7.334703
7.180557
13.137579
9.055471
14.879306
12.044480
10.089111
11.722722
35.597119
0.000000
0.000000
0.000000
0.000000
0.000000
54.733360
39.999255
44.313718
53.269936
