13.025470
9.215250
16.308167
8.863015
9.943356
11.181337
13.565357
17.698604
14.900436
9.924942
11.604975
9.713229
13.481515
9.321476
11.013367
19.597315
7.610294
14.015948
10.774207
15.854987
13.887775
11.592973
8.721264
18.538749
19.515232
8.592263
9.580946
12.413000
9.432843
19.003197
12.730697
7.455861
13.273003
13.448063
11.028939
8.135345
15.949054
7.023109
9.929450
10.614148
15.394235
7.962948
10.286963
15.563060
12.911247
9.994921
11.253932
10.552374
6.205667
9.333290
10.070152
13.667480
18.805312
11.988316
7.913071
15.657614
6.537697
8.193958
4.953287
12.680648
12.549964
13.027389
16.281844
14.152246
5.679899
9.433362
6.136371
13.324213
16.578041
17.737899
4.403323
8.278168
12.004506
15.517448
10.330012
11.856856
13.263007
12.090083
15.788137
9.756233
14.923772
8.433039
6.720206
7.180557
12.528808
9.285095
14.287621
11.709307
10.089111
11.626612
35.597119
0.000000
0.000000
0.000000
0.000000
0.000000
54.733360
39.999255
44.313718
53.269936
