16.068439
10.518510
19.029910
9.266810
10.918410
10.223040
14.020939
17.872521
15.186741
8.837264
15.073170
12.045241
16.043688
9.286195
11.880861
21.053705
7.915218
14.038147
10.658413
18.660887
16.625916
10.447863
8.532506
21.949782
22.055837
8.592263
10.240543
14.219257
13.756652
19.003197
14.365065
6.530776
14.344058
15.890890
13.299910
8.435552
17.968002
7.503399
8.958602
12.927178
14.692947
9.522731
10.286963
15.851144
14.926917
13.282173
11.417213
10.025300
7.775112
12.290593
10.070152
14.003554
22.036544
12.651904
8.710331
16.214499
5.998039
9.344931
6.553377
13.787226
13.733435
15.112036
16.538581
16.431401
4.747437
9.433362
9.740241
12.813005
16.541815
20.715929
5.647644
7.579068
14.219316
15.739307
10.452101
11.517830
13.760924
14.855428
17.114571
11.400324
19.420878
8.167583
8.080698
7.180557
13.177612
8.882343
16.109110
11.909332
12.619236
10.903910
35.597119
0.000000
0.000000
0.000000
0.000000
0.000000
54.733360
39.999255
44.313718
53.269936
