12.513590
9.380451
16.122560
8.861654
9.775665
11.046991
13.840713
16.530172
14.466217
9.924942
10.569342
9.563748
13.279279
9.206386
11.086391
20.043389
7.360545
13.623521
11.381984
15.399788
13.986093
11.401761
8.564178
18.273753
18.816076
8.592263
9.835139
13.025341
9.733152
19.003197
12.845266
8.196709
12.749609
13.504367
10.634603
8.706925
14.608206
6.842107
9.508222
9.892445
15.260765
8.981051
10.286963
15.089589
13.370102
10.424399
10.780086
10.147355
5.744488
8.579216
10.070152
13.014475
18.804123
12.187655
6.869525
14.546946
6.537697
7.469800
4.728082
12.683163
13.209351
12.628699
16.870626
15.096201
5.622659
9.433362
6.771562
13.844140
16.543212
17.445809
5.146678
8.716673
12.017471
15.517448
10.124011
11.388362
13.087785
11.377315
15.699506
8.778205
13.970230
8.696381
7.076584
7.180557
12.614515
8.915422
14.287621
11.178362
10.089111
11.307902
35.597119
0.000000
0.000000
0.000000
0.000000
0.000000
54.733360
39.999255
44.313718
53.269936
