11.882136
7.945722
14.020452
7.141845
9.001598
12.177006
13.907736
11.683883
12.566184
11.134625
10.626209
9.897868
13.751752
9.778187
12.392912
16.987843
8.212836
11.903805
10.343943
12.594608
12.802068
10.759370
9.362555
14.374835
14.052795
7.624872
7.441389
11.741712
9.423504
19.003197
9.228120
9.448269
10.841978
11.167747
10.396077
9.189281
11.871422
7.618721
9.622856
8.512650
15.068173
9.485104
10.286963
13.812397
10.964929
7.280249
10.894438
9.541699
4.795701
8.527265
9.492946
11.546381
15.982451
10.173794
8.960863
11.823884
6.617048
7.982467
5.999484
11.704393
12.230177
11.235952
11.024935
11.547727
7.724827
9.741581
7.793581
12.706156
15.784585
16.134747
6.172788
11.772897
13.324681
15.517448
10.035891
10.383568
12.871178
10.316755
12.947421
6.593148
12.496809
9.004919
6.878180
7.770291
10.437175
6.896841
13.617819
10.099307
8.315510
11.014469
35.597119
0.000000
0.000000
0.000000
0.000000
0.000000
54.733360
39.999255
44.313718
53.269936
