33.416615
56.032719
47.029123
0.173085
0.000000
42.897652
50.953671
0.000011
51.426451
42.146297
0.000000
0.120757
58.340959
0.000000
43.866793
51.328332
47.474132
44.291635
0.000000
58.693678
0.000000
0.000725
0.001894
28.170890
77.309404
0.189385
46.954235
49.773043
0.000000
67.415414
55.608648
0.000050
36.567993
50.179109
0.000000
59.279202
0.000000
0.152747
0.000000
64.273129
0.000000
0.064314
0.000000
0.000329
47.313947
0.000663
40.309520
0.434434
0.000000
0.000000
0.000000
0.000000
0.000000
53.054303
66.302723
44.332211
0.000000
0.209639
0.101508
55.467423
63.333566
52.675711
46.671937
30.970095
77.046218
0.198102
48.255218
50.121671
67.670887
61.667246
64.575433
23.757359
0.003872
0.000000
0.000000
0.002596
56.407960
48.047426
37.741701
57.565698
0.000000
0.000000
0.006546
0.032098
49.829631
45.582231
48.342416
0.000000
48.359049
0.000000
54.347728
55.090316
61.480599
49.227393
0.000000
0.000000
0.000000
56.775561
45.390521
65.338237
