10.788107
9.455851
15.395230
8.341260
9.745907
11.398863
13.391299
14.882708
13.909636
10.494697
10.626209
9.689993
12.896586
10.632490
10.415449
18.620109
7.360545
12.233908
10.653968
14.642505
12.843619
11.682095
8.376612
17.128792
16.008231
7.457332
9.638670
11.399400
9.759285
19.003197
11.409190
8.015826
11.564370
12.514655
10.174885
9.167034
12.907432
8.247860
8.947021
8.519675
14.563229
9.193044
10.286963
15.672202
11.976497
8.599802
11.612585
10.022251
4.736394
9.381928
10.070152
12.105463
16.395568
10.554141
7.640377
13.049283
6.537697
7.649957
6.008544
13.162185
12.240964
11.211612
13.558576
13.662366
6.207620
9.433362
7.164752
12.964620
16.043498
16.912739
5.750045
8.937968
12.084296
15.517448
9.278954
11.458933
13.249925
11.304383
13.427896
7.272487
11.296441
9.588092
6.843126
7.180557
12.388603
7.520593
14.287621
10.735616
9.985506
11.014469
35.597119
0.000000
0.000000
0.000000
0.000000
0.000000
54.733360
39.999255
44.313718
53.269936
