11.710873
8.620517
15.775921
7.962133
9.745907
11.943314
12.722335
13.930175
13.703059
10.381529
10.626209
9.202460
12.754794
10.341947
10.520371
17.838583
7.502063
11.754244
10.653968
13.883742
13.220337
12.111623
8.385670
16.871037
15.749143
7.400127
8.546736
11.415973
9.751699
19.003197
11.226095
8.126918
11.294242
11.874826
9.904924
9.207026
12.210741
8.247860
8.947021
9.065245
14.563229
9.031228
10.286963
14.939516
11.013139
9.139628
10.050608
10.022251
4.795701
9.175099
10.070152
11.617682
16.098713
10.754372
8.053366
13.145953
6.537697
7.955598
6.182085
12.280720
11.683045
10.456168
13.244648
13.082143
6.281523
9.433362
8.029133
13.736142
15.936628
16.190029
5.689904
9.400912
12.648011
15.517448
9.801591
11.458933
12.956992
11.151226
12.719712
7.272470
12.296637
8.382501
6.576950
7.180557
11.680117
6.926493
14.287621
10.369215
8.970507
11.014469
35.597119
0.000000
0.000000
0.000000
0.000000
0.000000
54.733360
39.999255
44.313718
53.269936
