16.315867
10.726659
19.220763
9.266810
10.668156
10.024228
14.016482
17.782163
15.464937
8.725732
15.309052
12.150021
15.877562
9.061672
12.163483
20.873662
7.877759
13.976355
10.570599
18.660887
16.582589
10.457703
8.428233
21.898682
21.988772
8.592263
10.235368
14.192580
13.676521
19.003197
14.361307
6.527437
14.344058
16.161816
13.299821
8.633471
17.968002
7.454548
9.029797
13.087114
14.788548
9.522149
10.286963
15.851144
14.926917
13.215498
11.417213
9.926714
7.587257
12.198854
10.070152
14.003554
21.747656
12.651279
8.856305
16.224807
5.989248
9.597972
6.599682
13.787226
13.460576
15.112036
16.554752
16.430336
4.662089
9.433362
9.740241
12.813005
16.541785
20.715929
5.747168
7.792795
13.966993
15.637851
10.452101
11.517830
13.773731
14.854731
16.939390
11.436305
19.417644
8.152061
8.149439
7.180557
13.168994
8.936500
16.157767
11.957370
12.619236
10.880602
35.597119
0.000000
0.000000
0.000000
0.000000
0.000000
54.733360
39.999255
44.313718
53.269936
