11.121903
9.383494
15.309380
8.274706
9.745907
11.436975
13.391298
14.508884
13.886352
10.494697
10.626209
9.311987
12.416503
10.795344
10.965842
18.400748
7.360545
12.233882
10.653968
14.229315
12.950022
12.221776
8.188570
17.135270
16.008226
7.053842
9.175694
11.561007
9.524896
19.003197
11.406586
7.570468
11.564370
12.376284
9.863513
9.781010
12.878348
8.247860
8.947021
8.965655
14.563229
9.412260
10.286963
15.503424
11.609892
8.784312
11.324421
10.022251
4.697607
9.475462
10.070152
11.696880
16.475645
10.754374
7.667748
13.145953
6.537697
7.115263
6.246230
12.770212
12.177116
11.103296
13.808132
13.271636
6.117709
9.433362
7.299993
12.915274
16.043497
16.902225
5.889817
8.510858
12.078308
15.517448
9.328877
11.458933
13.198601
11.209173
13.235166
7.272487
11.011095
9.378371
6.364128
7.180557
12.388603
7.023880
14.287621
10.521579
9.648378
11.014469
35.597119
0.000000
0.000000
0.000000
0.000000
0.000000
54.733360
39.999255
44.313718
53.269936
