15.601653
9.666494
18.632135
9.002014
10.581444
10.976305
13.334363
17.929297
15.488448
8.867401
13.753187
10.900256
16.245721
8.311211
10.532931
20.084918
8.020907
14.665581
11.513209
17.857152
15.109298
12.484815
8.979723
21.297553
21.169760
8.592263
9.947315
15.359144
12.178362
19.003197
13.293531
6.614415
15.214436
14.913129
12.192038
9.138943
16.752330
7.032448
9.030831
12.835054
14.150964
10.100625
10.286963
16.026215
14.443395
12.371258
11.417213
9.560562
6.268183
12.144227
10.070152
13.932023
21.452168
12.176003
8.710983
16.846197
5.211522
9.355025
5.805167
13.365293
13.019721
13.444019
15.821169
15.410498
4.731083
9.433362
8.726052
13.108755
16.186374
20.346386
5.716875
9.010361
12.394066
16.276116
10.452101
12.001244
13.945457
14.088692
15.181954
10.064071
18.049355
8.108035
7.369160
7.180557
13.819753
8.863423
15.222408
11.843198
11.694292
11.653836
35.597119
0.000000
0.000000
0.000000
0.000000
0.000000
54.733360
39.999255
44.313718
53.269936
