14.384862
9.254355
18.247869
8.863015
10.709517
10.864442
14.007324
17.929297
14.922762
9.379928
12.058707
10.730719
14.779513
8.676253
10.818224
20.021703
7.543549
14.901122
11.183990
15.987111
14.720397
12.002864
8.721264
19.395456
19.871924
8.592263
9.032618
12.886400
10.414346
19.003197
12.603960
7.720834
13.504529
13.995295
12.238121
8.245240
17.424112
7.206414
9.837390
12.093221
14.826631
9.101294
10.286963
15.490934
13.283689
11.467755
11.417213
11.320677
6.127666
10.125778
10.070152
14.005178
20.880648
12.415223
8.898752
16.430753
6.381172
8.084941
5.676865
12.817960
12.790058
13.995318
16.236902
14.154242
5.703569
9.433362
7.155240
13.318675
16.496713
18.909640
5.102673
8.198685
11.683454
15.654217
9.931896
11.831082
13.126656
12.963085
15.035338
10.643158
15.726480
8.077938
7.766001
7.180557
13.713710
8.918819
15.174484
12.056709
10.599559
11.942787
35.597119
0.000000
0.000000
0.000000
0.000000
0.000000
54.733360
39.999255
44.313718
53.269936
