10.873524
9.826870
15.340594
8.360986
9.745907
11.279806
13.336344
14.961976
14.140021
10.494697
10.626209
9.730025
13.360080
10.850922
10.641546
18.620463
7.360545
12.360400
10.653968
14.517349
13.217780
11.538161
8.188485
16.987430
16.762549
7.449441
9.382262
11.287245
9.663208
19.003197
11.949733
8.015828
11.780891
12.622398
9.895908
9.321673
12.907432
8.116454
8.947021
8.634202
14.542335
9.092041
10.286963
15.865024
12.003682
8.976825
11.550269
10.022251
5.108584
9.804994
10.070152
12.593182
16.155591
10.688903
7.403864
13.199554
6.537697
7.503253
5.874529
13.045342
12.133946
11.305298
14.601261
13.820516
6.472771
9.433362
7.156252
12.598448
16.043498
16.459541
5.757334
8.736031
12.321195
15.517448
9.595409
11.458933
13.323404
11.767039
13.358884
7.272487
11.564336
9.489347
6.414008
7.180557
12.388603
7.965718
14.287621
11.013064
10.082661
11.014469
35.597119
0.000000
0.000000
0.000000
0.000000
0.000000
54.733360
39.999255
44.313718
53.269936
