16.363566
9.710081
19.218182
9.264705
10.413877
10.404874
14.148358
17.929297
15.652258
8.296511
14.337920
12.226483
16.121848
9.055737
12.099001
20.722417
8.244409
13.648252
9.892155
18.660887
15.680409
10.663374
9.323384
20.909746
21.631724
8.592263
10.194009
14.121970
13.055977
19.003197
14.229175
6.722911
14.344058
15.031094
12.330003
8.635576
17.968002
7.003755
8.091652
12.644233
14.935720
9.342926
10.286963
15.851144
14.926917
12.559574
11.417213
9.948121
7.510810
12.311739
10.070152
14.003554
21.259297
12.717554
8.546966
16.305749
6.401061
9.724980
6.273851
13.858519
13.268979
15.110190
15.974184
16.241983
4.449649
9.433362
9.740241
12.834105
16.343604
20.715464
6.540472
8.114818
13.555053
15.524551
10.452101
11.517830
13.667333
14.063551
15.999390
11.145733
18.615534
7.790220
7.797780
7.180557
13.366203
9.071565
15.819631
12.549282
12.619236
10.409470
35.597119
0.000000
0.000000
0.000000
0.000000
0.000000
54.733360
39.999255
44.313718
53.269936
