16.088377
10.728219
19.368529
9.266810
10.955389
10.468162
14.256182
18.249106
15.828123
8.437810
15.453107
12.166729
16.422902
9.534076
12.103866
21.045742
8.187184
14.085457
10.437265
18.660887
17.214948
10.565409
8.791236
21.560623
22.747810
8.592263
9.563620
14.187477
13.878805
19.003197
14.230304
6.521631
15.005297
15.671175
13.113030
8.877549
17.968002
7.401061
8.917135
12.851773
15.103915
9.081211
10.286963
16.000562
14.756349
13.705596
11.417213
9.883352
8.570564
12.385325
10.070152
14.003554
21.648630
12.651915
8.787195
16.883854
6.030072
9.620850
6.749413
14.068937
13.518628
14.758330
17.252392
16.329556
4.158874
9.433362
9.207008
12.731683
16.720637
21.070264
6.045564
8.241886
14.039878
15.362207
10.452101
11.763412
14.167596
14.744370
17.638678
12.054832
19.407086
7.803356
8.379331
7.180557
13.790332
8.756901
16.268032
12.476704
12.619236
10.831183
35.597119
0.000000
0.000000
0.000000
0.000000
0.000000
54.733360
39.999255
44.313718
53.269936
