15.167509
9.425169
18.050755
8.863015
10.488857
10.892363
14.259063
17.929297
15.049908
9.511197
13.155653
10.778032
15.739200
8.479708
11.018542
19.935049
8.443852
14.940981
11.413118
16.339494
14.299298
12.045797
8.756114
20.912896
19.871924
8.592263
9.400758
13.933322
11.153462
19.003197
12.753470
7.009736
14.824367
13.605766
12.192038
8.605744
17.819173
7.029852
9.292435
12.772989
14.338483
9.842635
10.286963
15.205722
13.614002
11.861807
11.417213
10.483983
6.788366
11.128756
10.070152
13.857265
21.430399
12.960081
8.504413
16.942909
6.288408
9.189753
5.558139
12.825976
13.105253
14.563711
16.813848
14.380073
5.190515
9.433362
7.616673
13.385847
15.462157
19.057598
5.540925
8.761210
11.784399
16.374008
10.344755
12.101196
13.868762
12.773028
15.321304
10.598731
16.953700
8.212112
8.231931
7.180557
13.947930
9.355925
14.711594
11.999568
10.564137
11.579956
35.597119
0.000000
0.000000
0.000000
0.000000
0.000000
54.733360
39.999255
44.313718
53.269936
