13.025470
9.364011
16.311539
8.863015
10.204593
11.108634
13.926276
17.281798
15.009274
9.924942
11.605232
10.219671
13.664337
9.159821
11.225510
19.848242
7.610294
14.018273
10.807337
15.985325
13.888329
11.652740
8.721264
18.920821
19.514887
8.592263
9.461303
12.720929
9.327960
19.003197
13.036061
7.589362
13.488068
13.448063
11.153694
8.261142
15.994563
7.114440
10.018167
10.747218
15.407166
8.151188
10.286963
15.566535
12.926519
10.169892
11.238391
10.623928
6.271869
9.380503
10.070152
13.810536
19.092017
11.634859
8.198562
15.733755
6.537697
8.193959
5.188492
13.177245
12.414277
13.116813
16.032695
14.154241
5.555778
9.433362
6.170340
13.324213
16.559759
17.931845
4.663770
8.308937
12.004506
15.517448
10.399800
11.728873
13.240541
12.074714
15.804507
9.963330
14.965784
8.291889
7.073496
7.180557
12.683814
9.075251
14.544610
11.713904
10.089111
11.604486
35.597119
0.000000
0.000000
0.000000
0.000000
0.000000
54.733360
39.999255
44.313718
53.269936
