10.970135
9.193931
15.326789
8.012873
9.745907
11.315427
13.391299
14.585449
14.147432
10.494697
10.626209
9.673986
12.710159
10.754651
10.925638
18.564238
7.360545
12.233908
10.653968
14.569681
13.030064
12.145789
8.325294
17.123000
16.008231
7.194002
9.448273
11.397592
9.551413
19.003197
11.409190
8.015471
11.564370
12.438162
10.282348
9.488449
12.907432
8.247860
8.947021
8.769610
14.563229
9.190816
10.286963
15.541012
12.029056
8.620385
11.660055
10.022251
4.869384
9.381899
10.070152
11.802989
16.570203
10.710838
7.726394
13.048386
6.537697
7.545794
6.240999
13.196304
12.194872
11.284517
13.661570
13.338612
5.954879
9.433362
7.522625
13.298525
16.043498
16.902792
5.941903
8.780676
11.978867
15.517448
9.129144
11.458933
13.242774
11.304382
13.245649
7.272487
11.292419
9.587597
6.805592
7.180557
12.388603
7.397290
14.287621
10.706032
9.670611
11.014469
35.597119
0.000000
0.000000
0.000000
0.000000
0.000000
54.733360
39.999255
44.313718
53.269936
