30.369159
52.361849
42.367317
0.074723
0.020263
42.897652
47.735262
0.000000
48.586202
38.695179
0.155833
0.017882
56.410663
0.000000
39.720792
48.248179
44.178100
41.198326
0.000000
58.044164
0.000000
0.141003
0.000000
25.233079
74.755006
0.041009
44.577227
45.392705
0.000000
64.994600
52.806430
0.000000
34.045650
47.810148
0.119556
57.513603
0.000022
0.000000
0.000000
64.273129
0.000000
0.000042
0.198102
0.000093
44.642266
0.224999
36.081610
0.003610
0.000047
0.493861
0.028898
0.295534
0.000274
50.286448
65.779134
42.077447
0.000000
0.000000
0.000000
53.272537
61.295925
50.680403
43.651055
28.850586
73.173198
0.439723
47.050145
47.739555
64.899285
57.882731
62.652596
19.070590
0.167970
0.002912
0.000000
0.126317
52.597937
44.200602
34.443756
55.320093
0.000004
0.225604
0.000000
0.000000
46.341365
43.744814
47.824975
0.000000
48.359049
0.000000
54.347728
55.090316
61.480599
49.227393
0.000000
0.000000
0.000000
56.775561
45.390521
65.338237
