13.917163
9.580229
17.855588
8.863015
10.685504
11.045990
14.007099
17.842523
15.466844
9.924942
12.268050
10.840796
15.055725
9.305834
11.216467
20.312643
7.649221
14.898250
11.062334
16.318479
14.631733
12.129356
8.721264
19.285398
19.871924
8.592263
9.464883
12.971770
10.289201
19.003197
12.603835
8.166486
13.416025
13.807798
11.449931
8.064180
17.044360
7.216022
10.618728
11.678717
15.123956
8.449629
10.286963
15.170243
13.491091
11.079738
11.417213
11.335702
6.456128
9.707921
10.070152
14.201021
20.189491
12.316040
8.888556
16.749902
6.592333
8.193959
6.881433
12.878155
13.521022
14.103008
15.912548
14.154242
5.962754
9.433362
7.028774
13.392592
16.459239
18.487941
4.444391
8.342338
12.004506
15.517448
9.949051
11.966632
13.208053
12.871272
15.853045
9.880404
15.368697
7.650286
7.612842
7.180557
13.247707
8.761636
15.071744
12.427603
10.089111
12.292044
35.597119
0.000000
0.000000
0.000000
0.000000
0.000000
54.733360
39.999255
44.313718
53.269936
