33.572196
56.257940
47.164495
0.138904
0.098375
42.897652
50.955825
0.000653
51.912745
42.147227
0.253099
0.003076
58.340959
0.100362
44.275374
51.254184
47.541490
44.125518
0.012168
58.695173
0.000000
0.044647
0.116604
28.391610
77.399638
0.000000
47.228489
50.009628
0.130815
67.415414
55.788191
0.003107
36.470095
50.187132
0.000003
59.279202
0.067612
0.000000
0.014788
64.273135
0.001793
0.070020
0.000000
0.020263
47.313947
0.040804
40.513008
0.297015
0.000000
0.000000
0.274179
0.000000
0.145297
53.100320
66.302752
44.465437
0.000001
0.202894
0.298504
55.629053
63.333645
53.092879
46.911283
31.056789
77.298674
0.000014
48.721974
49.725088
67.928587
61.647770
64.529084
23.363889
0.238360
0.000000
0.046936
0.159778
56.464113
48.078164
37.920976
57.648599
0.000000
0.076614
0.000000
0.167132
49.829675
45.769487
48.518136
0.000000
48.714758
0.000000
54.347728
55.090316
61.480599
49.227393
0.000000
0.000000
0.000000
56.775561
45.390521
65.338237
