12.618152
9.203182
16.305016
8.863009
9.703465
11.046991
13.824767
16.537506
14.470761
9.924942
10.530975
9.646183
13.279279
9.120584
11.037569
19.778038
7.339781
13.587240
11.408644
15.399788
13.987858
11.401761
8.635256
18.278992
19.064471
8.592263
9.835139
13.011443
9.790901
19.003197
12.903995
8.255904
12.668047
13.514254
10.764998
8.732048
14.604927
6.831439
9.739945
9.892445
15.405879
8.756231
10.286963
15.169705
13.445575
10.303843
10.830062
10.370396
5.705400
8.663888
10.070152
13.074142
18.805307
12.374804
6.944136
14.630429
6.537697
7.557488
4.747118
12.727216
13.204568
12.509782
16.870890
15.103544
5.627435
9.433362
6.608974
13.876723
16.665793
17.445809
5.150810
8.729854
11.968400
15.517448
10.219760
11.417456
13.356552
11.130206
15.613782
8.602968
14.042053
8.689872
7.065912
7.180557
12.640178
9.203061
14.287621
11.282279
10.089111
11.276468
35.597119
0.000000
0.000000
0.000000
0.000000
0.000000
54.733360
39.999255
44.313718
53.269936
