16.118301
10.855995
19.380351
9.266810
11.189867
10.597777
14.428752
18.242690
15.910154
8.433356
15.193446
12.353102
16.028672
9.534076
12.241378
21.213137
8.228919
13.841254
10.455273
18.660887
17.070980
10.597271
8.750233
21.587048
22.668974
8.592263
10.043736
14.174314
13.711829
19.003197
14.197263
6.571608
14.954489
15.635774
13.290968
8.588568
17.968002
7.891019
9.255463
13.117861
14.985731
9.256388
10.286963
15.851144
14.926917
13.820539
11.417213
10.070822
8.447020
12.885097
10.070152
14.003554
21.975395
12.651915
8.844988
16.555780
6.057935
9.568342
6.749413
14.042685
13.341672
14.775637
17.210831
16.649119
4.821424
9.433362
9.259760
12.813005
16.720633
21.070264
5.969001
8.231769
14.039878
14.863445
10.452101
11.517830
13.954551
15.048620
17.368288
11.867662
19.511835
7.683468
8.582283
7.180557
13.947728
8.693225
16.267910
12.309414
12.619236
10.909986
35.597119
0.000000
0.000000
0.000000
0.000000
0.000000
54.733360
39.999255
44.313718
53.269936
