11.765533
7.923899
15.084820
8.171915
9.745907
11.803129
12.769540
13.463567
12.886374
10.162383
10.626209
9.726330
12.711230
10.554085
11.296135
17.705513
7.935762
12.058955
10.359423
13.350003
12.841450
11.690967
8.589162
16.400679
14.790285
7.278280
8.414875
11.369509
9.991057
19.003197
11.084714
8.614191
11.294242
11.658805
9.409849
9.147466
12.458529
8.406182
8.946146
8.745221
14.563229
9.204219
10.286963
14.768802
11.038372
8.718443
10.185515
10.022251
4.795701
9.607570
10.070152
11.595480
16.098713
10.514495
7.690662
13.145953
6.537697
7.955598
6.027054
12.181887
11.841130
10.849285
12.006197
12.929653
6.904306
9.433362
7.939475
13.615442
15.694872
16.439704
5.426509
10.788903
13.205924
15.517448
10.070192
11.458933
12.956992
10.648611
13.141848
7.061840
12.496809
8.059482
6.630940
7.066078
10.836967
7.003121
14.287621
10.454260
8.849472
11.014469
35.597119
0.000000
0.000000
0.000000
0.000000
0.000000
54.733360
39.999255
44.313718
53.269936
