15.211224
9.309230
18.115360
8.863015
10.392984
10.892363
14.310261
17.929297
15.049908
9.572924
12.880716
10.663940
15.333156
8.756850
11.450828
19.819758
8.600108
14.940981
11.419024
16.326426
14.711872
11.580074
8.756094
20.678594
19.871924
8.592263
9.300146
14.108095
10.960263
19.003197
12.739863
7.241066
14.542913
14.317519
12.190034
8.331045
17.914639
6.692439
9.055717
12.389438
14.521710
9.533195
10.286963
15.094100
13.170824
11.837974
11.417213
10.527677
6.817738
10.742963
10.070152
13.857265
21.021830
12.299186
8.504412
16.707377
6.211692
9.242048
5.334974
12.700127
12.952851
14.402336
16.813848
14.011529
5.178245
9.433362
7.324186
13.385847
15.868538
19.013557
5.373181
8.407130
11.896610
15.589939
9.939518
11.966318
13.671850
13.248165
15.375535
10.620308
16.463444
8.015737
8.480376
7.180557
13.947929
9.255317
14.780467
11.631831
11.137128
12.120886
35.597119
0.000000
0.000000
0.000000
0.000000
0.000000
54.733360
39.999255
44.313718
53.269936
