15.824259
10.728200
19.368528
9.266810
11.187875
10.624272
14.340213
18.249106
15.860480
8.437810
15.289408
12.212736
16.242701
9.534076
12.141774
20.993349
8.185958
14.189704
10.401045
18.660887
17.244513
10.583130
8.741216
21.560568
22.747806
8.592263
9.783393
14.187477
13.916492
19.003197
14.102301
6.468179
14.851332
15.564479
13.194972
8.840624
17.968002
7.393419
8.923103
12.851773
15.115431
9.296185
10.286963
15.999193
14.614325
13.705020
11.417213
10.100636
8.657617
12.552193
10.070152
14.003554
21.704317
12.651915
8.963106
16.701523
6.162172
9.497055
6.749413
14.168067
13.506039
14.776471
17.240701
16.478763
4.444510
9.433362
9.189857
12.722701
16.720637
21.070264
5.910807
8.330440
14.039878
15.379968
10.452101
11.702071
14.032898
14.913585
17.385403
11.977819
19.168134
7.625422
8.449097
7.180557
13.806462
8.756901
16.268032
12.272928
12.619236
10.851029
35.597119
0.000000
0.000000
0.000000
0.000000
0.000000
54.733360
39.999255
44.313718
53.269936
