30.660651
52.638218
42.718722
0.000000
0.188441
42.897652
47.892191
0.173953
48.738096
38.816233
0.208259
0.000000
56.679142
0.130815
39.704396
48.626154
44.056652
41.639097
0.007605
58.262630
0.000000
0.162192
0.000000
25.391557
74.903683
0.123197
44.601552
45.392786
0.125685
64.953806
52.814951
0.150473
33.885846
47.997963
0.081352
57.903531
0.003123
0.195153
0.000000
64.273129
0.227872
0.005834
0.000000
0.013115
44.885765
0.529917
36.118822
0.000000
0.006611
0.288237
0.000000
0.295534
0.038428
50.313692
66.030525
42.172234
0.000000
0.132129
0.278323
53.282040
61.526343
50.251020
43.412216
29.301962
73.168397
0.110364
47.428328
47.795102
64.921247
58.044756
62.652596
19.355537
0.000000
0.000000
0.000000
0.001894
52.532303
43.892418
34.443756
55.671653
0.000562
0.104981
0.111473
0.000000
46.282824
43.744814
47.824975
0.000000
48.359049
0.098375
54.347728
55.090316
61.480599
49.227393
0.000000
0.000000
0.000000
56.775561
45.390521
65.338237
