34.132786
56.291183
47.228936
0.070371
0.000000
42.897652
50.953636
0.146026
51.719853
42.357688
0.000000
0.000000
58.340959
0.118366
44.153830
51.705555
47.541490
44.178202
0.092184
58.693653
0.000000
0.000000
0.000000
28.536480
77.576012
0.121363
47.598937
50.237435
0.259507
67.415414
55.719567
0.000000
36.278962
50.235220
0.000711
59.279202
0.000000
0.000003
0.206187
64.274589
0.000000
0.020880
0.000000
0.000000
47.313947
0.000000
40.511504
0.000000
0.000038
0.000000
0.122582
0.000000
0.000002
53.351474
66.309301
44.606213
0.000168
0.148129
0.023308
55.680655
63.351626
53.221656
47.078953
31.182356
77.228873
0.003123
48.772420
49.970835
67.905092
61.409315
64.529870
23.658346
0.074723
0.293985
0.000000
0.000000
56.752661
48.326801
38.343792
57.318898
0.000000
0.000000
0.000000
0.000174
49.839444
45.769487
49.071965
0.082581
48.715880
0.000000
54.347728
55.090316
61.480599
49.227393
0.000000
0.000000
0.000000
56.775561
45.390521
65.338237
