15.906116
9.872895
18.821391
9.089110
10.524819
10.693265
13.448740
17.929297
15.646823
8.704517
13.662790
10.870930
16.107901
8.460022
10.756852
20.046689
8.372154
13.817627
11.022548
17.677060
15.235916
11.955857
9.529231
21.718311
21.148576
8.592263
9.919703
15.605847
12.231548
19.003197
13.266100
6.647945
14.742045
14.841862
12.192038
8.685035
16.898554
7.032448
9.176298
13.153519
13.607202
10.276399
10.286963
16.036310
14.614087
12.465242
11.417213
9.746415
6.204862
12.517658
10.070152
14.003554
21.245522
12.451092
8.710983
16.875653
5.451399
9.418910
5.806189
13.388516
13.019721
13.534951
15.599445
15.822728
4.961768
9.433362
9.260891
13.185517
15.927387
20.354847
5.558790
9.072350
13.065826
16.164319
10.452101
11.567775
13.861551
14.091079
15.444544
10.150895
18.049355
8.030415
7.187267
7.180557
13.972737
8.880976
15.450123
12.148663
12.084961
11.279466
35.597119
0.000000
0.000000
0.000000
0.000000
0.000000
54.733360
39.999255
44.313718
53.269936
