11.701344
8.191734
14.298025
7.383806
9.476533
12.175914
13.722758
11.615910
12.568601
10.784258
10.626209
9.482345
13.936135
10.111985
12.562412
17.335007
8.165894
12.039985
10.447890
12.594608
12.406389
10.923387
9.362846
15.010837
14.025665
7.508965
7.967870
11.464399
9.193623
19.003197
9.388602
9.065034
10.605692
11.437957
10.405964
9.189281
12.357525
7.289366
9.184879
8.669180
15.465476
9.186679
10.286963
13.894822
11.048401
7.644040
11.084531
9.524356
4.795701
8.208319
9.824376
12.276523
15.975111
10.282845
8.289345
12.173547
6.701769
7.982472
5.999484
11.449287
13.041109
10.884686
10.974533
11.350778
7.181898
10.178738
8.614161
12.983546
15.863330
15.969632
6.276489
11.763766
13.010509
15.517448
10.035891
11.009248
12.956134
10.316755
12.947421
7.087679
12.496809
9.002895
6.878180
7.827136
10.427060
7.036405
13.894886
10.329562
8.315718
11.014469
35.597119
0.000000
0.000000
0.000000
0.000000
0.000000
54.733360
39.999255
44.313718
53.269936
