11.067088
10.166717
14.827536
8.236975
9.745907
11.100909
14.381998
16.212399
13.387540
9.851688
10.626209
9.132701
13.339749
9.733650
11.113016
19.213169
7.360545
12.305188
10.902647
14.565447
13.452629
11.401761
8.376479
17.108132
17.695382
7.394604
9.945743
11.300274
9.778662
19.003197
12.471284
8.015828
12.288601
12.920092
10.115056
9.067642
12.907432
7.581413
9.128817
8.826436
14.396876
8.400890
10.286963
15.564490
12.542313
9.445967
11.390625
10.330981
5.201153
8.633444
10.070152
12.419823
17.201729
10.956065
6.807533
13.384046
6.537697
7.533947
5.015154
12.809367
12.261911
11.595930
15.592960
13.818162
6.430005
9.433362
7.486426
12.304043
16.689343
16.798557
5.583474
8.559591
12.052617
15.517448
9.950764
11.458933
12.694134
11.510037
14.036898
7.591285
12.262463
8.154697
6.399893
7.180557
11.869803
8.466389
14.287621
11.682770
10.089111
11.464536
35.597119
0.000000
0.000000
0.000000
0.000000
0.000000
54.733360
39.999255
44.313718
53.269936
