11.142547
10.224236
15.163910
8.257747
9.745907
10.836174
14.383584
16.212868
13.100813
9.856746
10.626209
8.856141
13.717140
9.704626
11.086391
19.273458
7.360545
12.305188
11.134814
14.886645
13.636967
11.401761
8.346489
17.600847
17.745529
7.452649
9.835057
11.339157
9.770597
19.003197
12.997469
8.015828
12.257395
13.178762
10.115058
9.067642
12.907432
7.274365
9.058705
8.593165
14.396876
8.640415
10.286963
15.244149
12.841456
9.862676
11.597039
10.132419
5.329739
8.856789
10.070152
12.689654
17.288438
11.386914
6.763452
13.281647
6.537697
7.533947
4.747897
13.151454
12.698555
11.521223
15.927183
13.818162
6.189805
9.433362
7.486453
12.182474
16.258363
16.678257
5.641333
8.492380
12.074332
15.517448
9.913365
11.458933
12.810128
11.516339
13.908010
7.866602
12.525172
8.190702
6.429147
7.180557
11.626575
8.251290
14.287621
11.419307
10.089111
11.652578
35.597119
0.000000
0.000000
0.000000
0.000000
0.000000
54.733360
39.999255
44.313718
53.269936
