11.131019
9.389219
15.481750
8.274718
9.745907
11.559295
13.391299
14.662969
13.926339
10.494697
10.626209
9.738153
12.442157
10.921917
11.096070
18.586293
7.360545
12.233908
10.653968
14.229344
13.028554
12.226829
8.352138
17.267363
16.008231
7.319165
9.361675
11.631342
9.551355
19.003197
11.409184
7.965437
11.564370
12.420480
9.934170
9.631379
12.907368
8.247860
8.947021
8.989768
14.563229
9.476810
10.286963
15.504329
11.782904
8.886722
11.463142
10.022251
4.738678
9.511777
10.070152
11.699518
16.475645
10.754374
7.618947
13.302049
6.537697
7.407923
6.262836
13.195379
12.384196
11.285400
13.921991
13.419386
6.168398
9.433362
7.478000
13.118019
16.043498
16.902791
6.162892
8.861383
12.088849
15.517448
9.249961
11.458933
13.402637
11.304174
13.245624
7.272487
11.013882
9.542565
6.675123
7.180557
12.388603
7.264578
14.287621
10.373829
9.678610
11.014469
35.597119
0.000000
0.000000
0.000000
0.000000
0.000000
54.733360
39.999255
44.313718
53.269936
