11.067085
10.027489
15.115642
8.504741
9.745907
11.094568
14.374999
15.932861
13.962979
9.980876
10.626209
9.340628
13.321168
9.733108
11.495442
19.177307
7.360545
12.305188
10.653968
14.347193
13.947927
11.401761
8.372671
17.109489
17.991855
7.548782
10.010983
11.525478
9.674109
19.003197
12.349328
8.015828
12.236320
12.874161
10.113927
9.067642
12.907432
7.739820
9.059082
8.788591
14.396808
8.400121
10.286963
16.000540
12.266230
9.575155
11.567295
10.022251
5.108763
8.789862
10.070152
12.413607
16.890476
10.839306
7.029232
13.361009
6.537697
7.533947
5.313830
12.983475
12.491203
11.229519
15.746132
13.818162
6.426636
9.433362
7.467845
12.073790
16.549281
16.662299
5.651374
8.344059
12.088262
15.517448
9.764053
11.458933
12.855035
11.734493
13.781166
7.693571
12.592074
8.145550
6.313839
7.180557
11.978653
8.677354
14.287621
11.650742
10.089111
11.230292
35.597119
0.000000
0.000000
0.000000
0.000000
0.000000
54.733360
39.999255
44.313718
53.269936
