11.938821
8.248781
15.289817
7.865734
9.745907
11.657857
12.681886
13.886564
13.442546
10.706538
10.626209
9.352684
12.754794
10.469097
11.100372
17.886891
7.681885
12.056496
10.653968
13.944257
13.269792
12.101921
8.385666
16.511244
15.610240
7.304412
8.390221
11.465882
9.752262
19.003197
11.623751
8.437023
11.294242
11.664958
9.900332
9.157370
12.225064
8.247860
8.947021
9.122843
14.563229
9.353163
10.286963
14.939513
11.038373
9.005035
10.185515
10.022251
4.795701
9.267974
10.070152
11.628747
16.098713
10.754248
8.118430
13.145953
6.537697
7.955598
6.049176
12.437924
11.812555
10.460646
13.236896
12.835326
6.442272
9.433362
8.029070
13.736142
15.961050
16.419572
5.584725
9.840027
12.768846
15.517448
9.681274
11.458933
12.956992
10.979123
12.965082
7.271260
12.296635
8.406173
6.693847
7.180557
11.564400
6.893676
14.287621
10.454260
8.903403
11.014469
35.597119
0.000000
0.000000
0.000000
0.000000
0.000000
54.733360
39.999255
44.313718
53.269936
