11.524195
8.175900
14.708322
7.808678
9.744928
11.323023
12.860251
12.955962
12.391723
9.775255
10.626209
9.726330
13.778100
10.571113
11.890448
17.695866
8.763304
11.746137
10.435834
13.056654
12.387544
11.418833
8.926110
15.805064
14.713711
6.732581
8.710788
11.819912
9.758227
19.003197
10.511897
8.983205
11.294241
11.387013
9.851686
9.568831
12.514064
8.473819
9.631693
8.717432
14.563229
9.282146
10.286963
14.788276
10.870341
7.837056
10.704709
10.022251
4.795701
9.028400
10.161869
11.856932
16.098713
10.412592
8.881306
12.723069
6.537697
7.955598
5.825268
12.384619
12.541193
10.855928
11.775923
12.829532
7.649249
9.433362
7.547767
13.890606
15.694872
17.065208
5.872322
11.515141
13.687081
15.517448
10.194710
11.458933
12.956992
10.699849
13.653258
7.061840
12.496809
8.037601
7.018678
7.725966
10.970116
7.036405
14.287621
10.970956
8.602059
11.014469
35.597119
0.000000
0.000000
0.000000
0.000000
0.000000
54.733360
39.999255
44.313718
53.269936
