11.309106
9.043491
15.975737
7.961237
9.745907
11.524464
13.123623
14.165265
13.762578
10.494642
10.626209
9.480374
12.298156
10.663497
11.271890
18.049253
7.273953
12.073313
10.653968
14.082098
13.014485
12.111887
8.385670
17.234634
16.086121
7.277231
8.905966
12.065146
9.587597
19.003197
11.365959
7.935444
11.294242
12.224427
10.037713
9.181272
12.170587
8.247860
8.947021
9.090402
14.563229
9.279224
10.286963
14.939516
11.477538
8.893610
10.446648
10.022251
4.795701
9.232367
10.070152
11.504210
16.475387
10.754374
7.741376
13.145953
6.537697
7.955598
6.184856
12.537892
11.973707
10.668342
13.245886
13.482679
6.311910
9.433362
7.831295
13.421168
16.319532
16.368385
6.084891
9.137221
12.430094
15.517448
9.708559
11.458933
12.956992
10.984297
12.740119
7.272487
11.882165
9.098429
6.431138
7.180557
12.201291
6.949897
14.287621
10.386743
9.208111
11.014469
35.597119
0.000000
0.000000
0.000000
0.000000
0.000000
54.733360
39.999255
44.313718
53.269936
