11.524195
8.176506
14.708322
7.809798
9.757334
11.325733
12.863075
12.955962
12.391723
9.775255
10.626209
9.726330
13.793505
10.571378
11.890934
17.698663
8.787134
11.746371
10.439842
13.071702
12.390411
11.418833
8.932699
15.805064
14.713711
6.763642
8.728305
11.836575
9.782833
19.003197
10.512655
9.000996
11.294241
11.408658
9.860621
9.571909
12.523554
8.474905
9.631693
8.728110
14.563229
9.282146
10.286963
14.814999
10.878522
7.845310
10.707784
10.022251
4.795701
9.034503
10.177073
11.858752
16.098713
10.412592
8.883979
12.741329
6.537697
7.955598
5.849612
12.386174
12.541193
10.855928
11.775923
12.829532
7.655256
9.433362
7.551251
13.890994
15.694872
17.068763
5.884897
11.523292
13.697412
15.517448
10.195519
11.458933
12.956992
10.699849
13.669187
7.061840
12.496809
8.037601
7.024321
7.736309
10.970116
7.036405
14.287621
10.976770
8.607180
11.014469
35.597119
0.000000
0.000000
0.000000
0.000000
0.000000
54.733360
39.999255
44.313718
53.269936
