32.531723
54.949249
45.942830
0.000000
0.084249
42.897652
50.173401
0.000000
50.806614
41.125892
0.000000
0.000000
58.032007
0.000000
41.960171
50.351981
46.435547
43.138636
0.058779
58.302079
0.000000
0.000000
0.000000
27.339560
77.146326
0.006985
46.094693
48.426925
0.000000
66.695834
54.813553
0.000000
35.663080
50.178976
0.000000
59.279202
0.045095
0.000000
0.000000
64.273129
0.000000
0.000000
0.000000
0.000000
47.313947
0.000000
39.285676
0.000000
0.000000
0.155822
0.000000
0.000000
0.000000
52.798483
66.302722
44.007655
0.000000
0.017616
0.000000
54.755053
63.140699
51.585025
45.630401
30.006291
76.769566
0.000000
47.360656
49.750156
66.653399
60.751766
63.609211
21.849519
0.019468
0.000000
0.000000
0.000000
55.295595
46.587478
36.110918
55.878457
0.032420
0.000000
0.000000
0.000000
48.779342
44.969822
47.825101
0.000000
48.359049
0.000000
54.347728
55.090316
61.480599
49.227393
0.000000
0.000000
0.000000
56.775561
45.390521
65.338237
