11.765533
8.253285
15.091801
8.082745
9.745907
11.803133
12.775953
13.919783
12.887037
10.313707
10.626209
9.726330
12.722856
10.554312
11.296136
18.037624
7.811442
11.938242
10.751064
13.595079
12.968845
12.099312
8.612595
16.215385
15.096677
7.292192
8.326373
11.369834
10.007465
19.003197
11.406376
8.670742
11.294242
11.370754
9.953361
9.298429
12.459428
8.406183
8.946967
8.945394
14.563229
9.210380
10.286963
14.832811
11.038372
9.233991
10.185515
10.022251
4.795701
9.730792
10.070152
11.419918
16.098713
10.891939
7.770545
13.145953
6.537697
7.955598
6.102850
12.717035
12.177853
11.116673
12.223398
12.730966
6.842254
9.433362
8.139164
13.782968
15.694872
16.440294
5.426699
10.566425
13.210398
15.517448
10.069968
11.458933
12.956992
10.780220
13.122870
7.061840
12.530553
8.468148
6.714438
7.066139
11.230045
6.944436
14.287621
10.454260
8.849472
11.014469
35.597119
0.000000
0.000000
0.000000
0.000000
0.000000
54.733360
39.999255
44.313718
53.269936
