13.119537
9.371204
17.019467
8.863015
10.662776
11.135640
14.008305
17.797941
15.357886
9.924942
11.519247
10.235306
14.067496
9.203273
11.256079
20.162541
7.647005
14.277088
10.807351
16.049848
13.888329
12.129319
8.721264
18.701828
19.871898
8.592263
9.689693
12.971769
9.478887
19.003197
12.507069
7.565289
13.555503
13.772818
11.239738
8.214887
16.190940
7.456167
9.939246
10.968057
15.275519
8.235238
10.286963
15.566536
13.255758
10.164243
11.417207
11.069685
5.938538
9.695468
10.070152
13.918381
19.779523
12.383875
8.520090
16.066007
6.683691
8.193959
6.213225
13.464889
13.126450
13.295853
15.767655
14.154242
6.435382
9.433362
6.027055
13.324213
16.688340
18.314778
4.422440
8.270183
12.004506
15.517448
9.990267
12.115362
13.047686
12.167871
15.408197
9.520307
15.346591
8.176003
6.883012
7.180557
13.083995
8.915846
14.963668
11.910178
10.089111
11.738142
35.597119
0.000000
0.000000
0.000000
0.000000
0.000000
54.733360
39.999255
44.313718
53.269936
