11.878886
7.852961
14.020028
7.175963
8.956519
12.416978
13.930434
11.573590
12.608466
10.977974
10.626209
9.924311
13.806905
9.707264
12.464159
17.170474
8.330590
11.946646
10.340526
12.594608
12.759731
10.689232
9.269436
14.666768
13.981672
7.655110
7.408884
11.911133
9.543630
19.003197
9.249401
9.406967
10.638773
10.970989
10.506922
9.188895
11.821312
7.617678
9.764477
8.927694
15.165236
9.485100
10.286963
14.033730
10.920036
7.368037
10.962701
9.904103
4.795701
8.734428
9.540904
11.523534
16.280936
10.173794
8.981534
11.823884
6.445267
7.950208
5.999484
11.937240
12.366211
11.350286
11.176667
11.513932
8.033704
9.479473
7.966637
12.718264
15.830977
15.996938
6.123894
12.115196
13.202938
15.517448
10.035891
10.383568
12.960216
10.316624
12.947421
6.581425
12.496809
9.040498
6.878180
7.770291
10.460298
7.044552
13.364053
10.090475
8.371117
11.014469
35.597119
0.000000
0.000000
0.000000
0.000000
0.000000
54.733360
39.999255
44.313718
53.269936
