15.323301
9.270970
18.456328
8.863015
10.745224
10.892363
14.505220
17.929297
15.049908
9.637495
12.507791
10.663940
15.257320
8.561352
11.485991
20.028066
8.312363
14.940981
11.391466
15.987111
14.869048
11.798110
8.618647
20.132824
19.871924
8.592263
8.944507
13.509452
10.542794
19.003197
12.881128
7.684212
14.398113
14.024685
12.305106
8.331045
18.164642
6.851704
9.372825
12.357454
14.551478
9.497395
10.286963
15.086667
13.319502
11.746911
11.417213
11.164626
6.878280
10.446587
10.070152
13.857265
21.209419
12.127998
8.511572
16.803815
6.298498
8.866813
5.866668
12.844505
13.097836
14.705168
16.813733
14.512679
6.000447
9.433362
7.594240
13.385847
16.636489
18.758523
5.402060
8.176994
11.385102
15.639742
9.979600
11.896024
13.373227
13.053364
15.369237
10.700778
16.078373
8.342186
8.475860
7.180557
14.030132
9.402423
15.018639
11.679044
11.237880
12.127333
35.597119
0.000000
0.000000
0.000000
0.000000
0.000000
54.733360
39.999255
44.313718
53.269936
