14.384591
9.416686
18.247737
8.863015
10.494867
11.001177
14.007324
17.929187
15.265542
9.488472
12.280704
10.710332
14.873310
8.901619
11.271485
20.078015
7.667817
14.670723
11.399986
15.987106
14.445142
11.972316
8.721264
19.423575
19.871924
8.592263
9.150722
12.927999
10.493919
19.003197
12.603960
7.690410
13.311215
13.563179
11.953424
8.190438
17.418985
7.377076
10.149986
11.944198
14.810994
8.778040
10.286963
15.490925
13.443939
11.224223
11.417213
11.303316
6.456594
9.839828
10.070152
14.057124
20.189493
12.324170
8.739071
16.715301
6.291660
8.129600
6.553570
13.032043
13.489087
14.071931
15.972017
14.154242
5.718246
9.433362
6.964625
13.381029
16.557302
18.565688
4.684295
8.342338
11.598024
15.517448
9.531721
12.113781
13.395837
12.835287
15.685166
10.370431
15.256180
7.788997
7.565393
7.180557
13.590240
8.925829
15.516496
12.247818
10.640080
12.229841
35.597119
0.000000
0.000000
0.000000
0.000000
0.000000
54.733360
39.999255
44.313718
53.269936
