14.379955
9.410206
18.245469
8.863015
10.507713
11.002394
14.007324
17.927302
15.621525
9.415617
12.461904
10.628884
14.937668
9.057672
11.264105
20.060554
7.837544
14.815453
11.399963
15.987018
14.444438
12.292668
8.721264
19.466036
19.871924
8.592263
9.116753
12.763904
10.692497
19.003197
12.603960
8.057370
13.655915
13.842520
11.665195
8.164759
17.447703
7.573313
10.101752
11.997879
14.582559
8.778009
10.286963
15.490768
13.602684
11.139678
11.417213
11.558201
6.456594
9.839808
10.070152
14.201022
20.189493
12.316266
8.989332
16.798385
6.543691
8.193959
6.760247
12.995397
13.488796
14.071789
15.920392
14.154242
5.754057
9.433362
7.032160
13.621563
16.850187
18.754438
4.444391
8.342338
11.622876
15.517448
9.616206
12.134676
13.547297
12.671866
15.668889
10.365204
15.426400
7.687753
7.678344
7.180557
13.429855
9.025045
15.449431
12.422962
10.481498
12.379196
35.597119
0.000000
0.000000
0.000000
0.000000
0.000000
54.733360
39.999255
44.313718
53.269936
