34.447914
56.588131
47.651583
0.000000
0.260807
42.897652
51.746209
0.141710
52.195588
42.935457
0.020162
0.000000
58.402136
0.001220
44.708032
51.941294
47.417130
44.650567
0.270097
59.410009
0.000000
0.156614
0.134005
29.156908
77.373339
0.028044
48.261528
50.392781
0.012476
67.415505
55.829191
0.007270
37.031297
50.797683
0.000000
59.279202
0.101371
0.000000
0.120155
64.622268
0.026945
0.005893
0.000000
0.006384
47.313947
0.000000
41.870869
0.163005
0.000000
0.000650
0.060267
0.000000
0.085523
53.616953
67.033110
44.618836
0.000000
0.000000
0.144573
56.185845
63.877810
53.862815
47.420464
31.722337
78.322269
0.000000
49.697220
50.311074
68.839372
62.222346
65.092653
24.837698
0.000000
0.263429
0.000000
0.000000
57.507242
49.234916
39.231795
58.140493
0.001172
0.021732
0.027080
0.005893
50.286023
45.769487
49.204051
0.000527
49.106987
0.003628
54.347728
55.090316
61.480599
49.227393
0.000000
0.000000
0.000000
56.775561
45.390521
65.338237
