31.876939
54.969540
45.416771
0.001019
0.015624
42.897652
49.545560
0.048831
50.416013
40.609212
0.000000
0.115444
57.682200
0.070371
41.302228
49.691344
45.482892
43.274297
0.000000
57.838346
0.023660
0.000000
0.000000
26.908993
77.018296
0.152747
45.843416
47.501648
0.263429
66.312457
54.534575
0.190334
35.314051
50.178976
0.000000
59.279202
0.049838
0.000000
0.000000
64.273129
0.294060
0.177467
0.002784
0.000000
46.772389
0.000000
38.354893
0.183788
0.238360
0.028898
0.061178
0.000002
0.001497
51.732350
65.743794
44.007655
0.000000
0.000216
0.000000
54.026742
62.949410
51.363472
44.832688
29.733642
76.414314
0.017181
47.721014
48.925065
65.623058
60.124129
62.717843
21.380137
0.010062
0.173953
0.000000
0.035651
54.128755
45.493103
35.675361
56.108305
0.002245
0.085096
0.000834
0.000000
48.631840
44.332361
47.824975
0.003950
48.359049
0.002032
54.347728
55.090316
61.480599
49.227393
0.000000
0.000000
0.000000
56.775561
45.390521
65.338237
