11.595804
9.936971
15.648916
8.142776
9.745907
10.605035
13.865592
16.678317
14.271469
9.903180
10.626209
8.975098
13.267685
9.715310
11.086391
19.654970
7.360545
12.941827
11.653539
14.985396
13.901529
11.401761
8.649698
18.216322
18.089641
8.591692
9.835139
12.512096
9.432068
19.003197
12.698098
7.485904
12.221837
13.191210
10.115058
8.917168
13.365420
7.545422
9.628687
9.569985
14.396876
8.588671
10.286963
14.936958
12.785439
9.733323
11.642394
10.147343
5.620957
8.572422
10.070152
12.645327
18.374864
12.075492
6.842752
14.179080
6.537697
7.120591
4.992327
12.994957
13.364003
12.393739
16.136322
14.580002
5.656701
9.433362
6.957776
13.359151
16.606259
17.436205
5.639549
8.818865
12.309834
15.517448
9.913365
11.420178
12.481876
11.608668
15.281706
8.267009
13.893146
8.696381
6.650744
7.180557
11.892607
8.663162
14.287621
11.119716
10.089111
11.194749
35.597119
0.000000
0.000000
0.000000
0.000000
0.000000
54.733360
39.999255
44.313718
53.269936
