14.610529
9.270825
18.247869
8.863015
10.910394
10.663746
14.007324
17.929297
15.048799
9.608309
12.328259
10.659577
14.744058
8.475145
10.769651
19.977822
7.656908
14.940633
11.213585
15.987111
14.858529
11.932399
8.721264
19.471866
19.871924
8.592263
9.263312
13.038327
10.339637
19.003197
12.603960
7.791811
13.735583
13.844711
12.282893
8.245249
17.480615
7.219114
10.041024
12.144655
14.617659
9.244376
10.286963
15.248621
13.110760
11.468490
11.417213
11.377878
6.163016
9.946897
10.070152
13.852345
21.106329
12.202823
8.664733
16.500619
6.479510
8.341091
5.714837
12.846474
12.876250
14.168327
16.185385
14.154242
6.025778
9.433362
7.128543
13.114909
16.643147
18.483597
5.148822
8.401382
11.259565
15.720358
10.045240
11.520184
13.300628
12.919382
15.059822
10.673626
15.826636
8.092407
8.055907
7.180557
13.745534
8.960474
14.971710
12.041725
10.702963
12.027918
35.597119
0.000000
0.000000
0.000000
0.000000
0.000000
54.733360
39.999255
44.313718
53.269936
