32.383570
54.947420
45.724020
0.000000
0.177467
42.897652
49.768947
0.271451
50.984956
41.061352
0.000000
0.138904
58.414700
0.021732
41.421951
49.945499
46.020688
43.115716
0.022732
57.990336
0.000207
0.000382
0.000000
27.279549
77.281711
0.190334
45.954180
48.180107
0.147493
66.378662
54.813497
0.223359
35.721495
50.178976
0.237508
59.279202
0.000000
0.006134
0.063994
64.273129
0.000000
0.100865
0.000000
0.029043
47.462056
0.060267
38.906937
0.236016
0.000000
0.038814
0.163822
0.032910
0.142420
52.185834
66.274216
44.007655
0.000000
0.000000
0.000154
54.295285
62.949411
51.363719
45.247037
29.735546
76.413321
0.000009
47.444494
49.534234
66.446980
60.442339
63.369086
21.594711
0.000000
0.233640
0.000000
0.000011
54.843781
45.952291
35.879341
56.108469
0.207220
0.003451
0.076232
0.303100
48.637253
44.701469
47.824975
0.154282
48.359049
0.000000
54.347728
55.090316
61.480599
49.227393
0.000000
0.000000
0.000000
56.775561
45.390521
65.338237
