10.970201
9.447093
15.459850
8.149488
9.745907
11.569308
13.350243
14.498437
13.979576
10.494697
10.626209
9.311987
12.655874
10.696283
11.040273
18.381427
7.359868
11.765564
10.653968
13.725431
12.943250
12.037885
8.284960
17.239885
16.097694
7.142597
8.836666
11.838923
9.528016
19.003197
11.390739
7.765188
11.564370
12.109099
10.109878
9.710721
12.809134
8.247860
8.947021
9.156160
14.563229
9.054172
10.286963
15.334327
11.653541
8.954512
10.874162
10.022251
4.777859
9.593005
10.070152
11.565942
16.475645
10.754374
7.739001
13.145953
6.537697
7.416896
5.868775
12.708749
12.327832
10.912102
13.731252
13.223765
6.525363
9.433362
7.105705
12.787467
16.013895
16.368385
6.368022
8.510386
12.086478
15.517448
9.471951
11.458933
13.147002
10.827709
13.053190
7.272487
11.109297
9.236378
6.258354
7.180557
12.388112
6.995252
14.287621
10.452474
9.740308
11.014469
35.597119
0.000000
0.000000
0.000000
0.000000
0.000000
54.733360
39.999255
44.313718
53.269936
