11.223510
9.936969
15.455257
8.193933
9.745907
10.803452
14.128389
16.652687
14.082665
10.014449
10.626209
8.989242
13.430256
9.871706
11.086391
19.717660
7.360545
12.929228
11.653528
14.889048
14.206596
11.401761
8.408124
17.918858
17.702271
8.684816
9.835139
12.125787
9.424466
19.003197
12.698098
7.615436
12.147692
13.031473
10.115058
9.067642
13.252229
7.731114
9.685267
9.547928
14.396876
8.760651
10.286963
15.036342
12.647037
10.008739
11.674526
10.146035
5.368498
8.716219
10.070152
12.606485
18.196650
12.085356
7.153904
14.281602
6.537697
7.120527
4.835618
12.959842
13.375702
12.390663
16.102074
14.869727
6.035547
9.433362
7.098621
13.287847
16.655480
17.435975
5.667978
8.809556
12.309833
15.517448
9.913365
11.680615
12.881565
11.886348
15.153650
8.193417
13.564616
8.696381
6.825276
7.180557
11.745720
8.668850
14.287621
11.119706
10.089111
11.065821
35.597119
0.000000
0.000000
0.000000
0.000000
0.000000
54.733360
39.999255
44.313718
53.269936
