11.881787
7.943815
14.020452
7.139802
8.991705
12.176807
13.906692
11.681885
12.563643
11.128518
10.626209
9.897655
13.751752
9.773289
12.383215
16.976239
8.203281
11.901052
10.343943
12.594608
12.798496
10.759245
9.362555
14.374549
14.052302
7.624872
7.437832
11.738927
9.423504
19.003197
9.225379
9.447669
10.840349
11.166230
10.395424
9.189281
11.867684
7.613046
9.611744
8.512558
15.059745
9.485104
10.286963
13.810054
10.963326
7.278391
10.892381
9.539786
4.795701
8.525099
9.488852
11.544695
15.975015
10.173794
8.958010
11.823884
6.617048
7.982467
5.999484
11.699339
12.224901
11.235871
11.024935
11.539308
7.723018
9.738506
7.790452
12.703470
15.781204
16.134373
6.171196
11.771284
13.319816
15.517448
10.035891
10.383568
12.870996
10.316755
12.947421
6.591729
12.496809
8.997791
6.878180
7.770291
10.437175
6.893464
13.617607
10.097500
8.315510
11.014469
35.597119
0.000000
0.000000
0.000000
0.000000
0.000000
54.733360
39.999255
44.313718
53.269936
