35.723272
59.173826
48.975753
0.062414
0.000007
42.897666
53.684842
0.185635
53.788797
44.643670
0.000000
0.172222
58.737562
0.007876
47.039765
53.546800
47.541490
46.777904
0.000096
61.235697
0.297017
0.134126
0.000001
30.561726
79.454831
0.000000
49.278334
52.148796
0.058779
69.031340
57.560609
0.174824
38.297201
51.255746
0.187501
59.279202
0.198102
0.001050
0.096427
65.651017
0.016425
0.055633
0.000001
0.036009
47.462056
0.022282
42.741286
0.208259
0.000548
0.010631
0.039996
0.000000
0.122582
54.983538
67.282425
46.116661
0.040804
0.000000
0.000556
56.746556
64.835963
56.419258
47.832838
33.884878
79.002498
0.005550
50.474835
51.862559
69.738692
63.811859
66.121169
26.325490
0.158981
0.142420
0.126949
0.000000
60.277771
50.804544
41.107041
59.153466
0.144573
0.102903
0.000042
0.000005
50.921255
46.381124
52.114113
0.013115
50.587211
0.122582
54.347728
55.090316
61.480599
49.227393
0.000000
0.000000
0.000000
56.775561
45.390521
65.338237
