15.093201
9.236908
18.363439
8.863015
10.437218
10.892363
14.393228
17.929297
15.049908
9.625712
12.748335
10.663940
15.266470
8.561352
11.361423
20.028520
8.193485
14.940981
11.227871
15.987111
14.877493
11.650764
8.540714
19.993616
19.871924
8.592263
8.965808
13.354031
10.679811
19.003197
12.694147
7.499829
14.333014
13.993211
12.286598
8.331045
17.926016
6.966105
9.262448
12.409326
14.521001
9.536787
10.286963
15.069435
13.162011
11.580684
11.417213
10.933187
7.012357
10.415672
10.070152
13.857265
21.222600
12.168194
8.503624
16.845464
6.027857
8.866907
5.653329
12.702914
13.101253
14.647331
16.813847
14.474869
5.675617
9.433362
7.442118
13.385847
16.484966
18.866489
5.402495
8.167289
11.503149
15.620416
9.833664
12.012045
13.599902
13.280999
15.272516
10.678196
16.078397
8.343534
8.679441
7.180557
13.937523
9.449285
14.955099
11.576246
11.098854
12.077245
35.597119
0.000000
0.000000
0.000000
0.000000
0.000000
54.733360
39.999255
44.313718
53.269936
