12.144248
8.194336
14.020452
7.266924
9.511745
12.047999
13.677695
11.513897
12.607977
11.237747
10.626209
9.929549
14.035908
10.111878
12.661643
17.478917
8.280008
12.136692
10.343943
12.594608
12.468865
10.985122
9.362846
14.844959
14.350125
7.480687
7.966438
11.769034
9.564269
19.003197
9.626707
9.481820
10.709221
11.276076
10.526316
9.189281
12.357524
7.680452
9.392361
8.669180
15.531758
9.186665
10.286963
14.070660
11.010309
7.549019
11.034634
9.539328
4.795701
8.356201
9.689440
12.276404
16.297168
10.262248
8.649285
11.982971
6.401796
7.982472
5.999484
11.415913
12.762398
11.121076
10.969093
11.181708
7.385938
10.050074
8.406783
12.802924
15.785441
16.119292
6.276958
11.644680
12.796729
15.517448
10.035891
10.750928
13.012778
10.316755
12.947421
6.724280
12.496809
9.129863
6.878180
8.192188
10.290388
7.036403
14.151197
10.536849
8.315718
11.014469
35.597119
0.000000
0.000000
0.000000
0.000000
0.000000
54.733360
39.999255
44.313718
53.269936
