11.765533
8.110153
15.288704
8.143719
9.745907
11.570226
13.024037
13.220537
12.530107
9.958855
10.626209
9.726330
13.543859
10.967189
11.437544
17.334238
8.240590
12.377881
10.395211
13.393665
12.490491
11.310152
8.839640
15.805064
15.055313
7.074050
8.443757
11.750423
10.220460
19.003197
10.658788
8.813843
11.294242
11.412647
9.575856
9.138059
12.794533
8.363190
9.406676
8.827299
14.563229
9.206048
10.286963
14.906984
11.099813
8.693289
10.313003
10.022251
4.795701
9.211462
10.070152
11.775453
16.098713
10.240243
8.066068
13.145953
6.537697
7.955598
5.981143
12.174253
12.447456
10.721767
11.796571
12.865664
7.027031
9.433362
7.686283
13.551791
15.694872
16.602079
5.619310
10.963782
13.569031
15.517448
10.226931
11.458933
12.956992
10.956050
13.395712
7.061840
12.496809
8.059482
7.046083
7.026227
11.094567
7.036405
14.287621
10.470523
8.607986
11.014469
35.597119
0.000000
0.000000
0.000000
0.000000
0.000000
54.733360
39.999255
44.313718
53.269936
