32.681821
55.152456
46.137951
0.000000
0.000000
42.897652
50.610142
0.013996
51.289968
41.613208
0.000000
0.000011
58.032070
0.000000
42.721869
50.736700
46.684905
43.539759
0.000026
58.173946
0.000000
0.000000
0.000000
27.440904
77.433203
0.000000
46.708056
48.839008
0.000000
67.137962
55.048308
0.086382
35.688962
50.178976
0.004132
59.279202
0.198102
0.111473
0.000144
64.273129
0.000000
0.011459
0.000000
0.000000
47.313947
0.000000
39.645876
0.067275
0.000000
0.000000
0.085951
0.000000
0.225604
52.843951
66.302722
44.008362
0.000000
0.000000
0.297015
54.826184
63.307078
52.067570
46.010946
30.250456
76.769611
0.000000
47.776232
50.361863
66.854092
60.939028
63.872941
22.361896
0.107639
0.176581
0.000398
0.000000
55.684108
46.890892
36.617939
55.983381
0.004753
0.000000
0.013380
0.000000
49.056264
45.347540
47.824975
0.000000
48.359049
0.151227
54.347728
55.090316
61.480599
49.227393
0.000000
0.000000
0.000000
56.775561
45.390521
65.338237
