12.854900
9.284498
16.409178
8.863015
9.275892
11.221650
13.614404
16.793919
14.470781
9.924942
10.741062
9.806886
13.428046
9.184306
10.853758
19.678991
7.610294
14.003712
10.571353
15.696671
14.002906
11.401761
8.721264
18.212637
19.175864
8.592263
9.723150
12.325390
9.311410
19.003197
12.938090
8.250611
12.772036
13.448063
10.798804
8.107087
15.105037
7.315719
9.791611
10.477857
15.378305
8.341435
10.286963
15.528946
13.445908
9.958342
10.611843
10.570292
5.928525
8.748066
10.070152
13.226925
18.805312
12.342330
7.443620
15.132065
6.537697
8.128656
4.601800
12.599537
12.711267
12.922918
16.469270
14.499604
5.688186
9.433362
5.943492
13.523438
16.488121
17.445809
4.759445
8.551532
12.004506
15.517448
10.088327
11.834872
13.564879
11.738109
16.005932
9.295303
14.277280
8.251149
7.196442
7.180557
12.397909
9.290024
14.287621
11.381761
10.089111
11.160127
35.597119
0.000000
0.000000
0.000000
0.000000
0.000000
54.733360
39.999255
44.313718
53.269936
