12.873857
9.353525
16.409307
8.863015
9.475429
11.385741
13.556708
16.795139
14.470781
9.924942
10.741064
9.807704
13.428046
9.233228
11.077742
19.858209
7.610294
14.231784
10.606161
15.907614
13.723544
11.401761
8.721264
18.491111
19.175864
8.592263
9.732453
12.325390
9.311899
19.003197
12.938819
8.269568
12.823685
13.448063
10.625220
8.108971
15.274883
7.315808
9.821062
10.606511
15.198852
8.440547
10.286963
15.255528
13.445908
10.250769
10.612357
10.443234
5.928525
8.775846
10.070152
13.480050
18.805312
12.232298
7.680855
15.010584
6.537697
8.077104
4.601800
12.796993
12.712481
12.922918
16.262509
14.542710
5.679811
9.433362
6.056835
13.319019
16.499062
17.445809
4.907230
8.731946
12.004506
15.517448
9.853633
11.835434
13.661472
11.790037
16.099272
9.556994
14.442909
8.474010
6.961143
7.180557
12.397909
9.290024
14.287621
11.407469
10.089111
10.985640
35.597119
0.000000
0.000000
0.000000
0.000000
0.000000
54.733360
39.999255
44.313718
53.269936
