11.524148
7.923054
15.061023
7.722717
9.476536
11.229904
12.795471
12.532100
12.181538
9.765816
10.626209
9.726330
14.021229
10.639193
12.289451
17.934060
8.200999
11.824789
10.617050
12.895652
12.343303
11.212686
8.648953
15.805062
14.287103
6.936411
8.728875
11.666288
9.428973
19.003197
10.158814
9.026216
10.754716
11.155291
9.978956
9.204983
12.623163
8.591953
9.578923
8.669956
14.542222
9.282146
10.286963
14.490564
11.046626
8.120844
10.794982
9.936363
4.795701
8.418315
9.896904
11.858742
16.146524
10.412592
9.472072
12.594723
6.537697
7.955598
5.903584
12.099531
12.303509
11.122764
11.016933
12.436150
7.296226
9.597879
8.025434
13.511283
15.694872
16.928808
5.757834
11.032943
13.872404
15.517448
10.404652
11.458933
12.956992
10.761354
13.323297
7.061840
12.496809
8.643071
7.195813
7.704250
10.564177
7.036405
14.287621
10.407037
8.331473
11.014469
35.597119
0.000000
0.000000
0.000000
0.000000
0.000000
54.733360
39.999255
44.313718
53.269936
