16.184173
10.112399
18.558868
9.168972
10.051808
10.689547
13.451541
17.929297
15.594006
8.752163
13.815536
11.526734
16.250875
8.883972
10.950911
19.891354
8.422537
13.392306
11.067400
18.007693
15.030278
10.898428
9.348981
21.258610
21.158455
8.592263
9.846295
15.185320
12.301205
19.003197
13.617692
6.647945
13.902903
15.086253
12.433957
8.288962
17.157120
7.032448
9.010121
12.665323
13.990212
9.981489
10.286963
15.844506
14.946881
12.203803
11.417213
10.125616
6.622729
12.639153
10.070152
14.003554
21.560230
12.078809
8.430422
16.296441
6.093818
9.724980
6.043523
13.343018
13.019721
13.813829
15.430248
16.226329
5.409050
9.433362
9.426643
13.280642
15.548348
19.641964
5.700735
8.380951
13.477083
16.164609
10.452101
11.517829
13.610204
14.091079
15.460454
10.356849
18.589381
7.576321
7.187267
7.180557
14.174622
8.751849
15.900459
12.460274
12.351326
10.566035
35.597119
0.000000
0.000000
0.000000
0.000000
0.000000
54.733360
39.999255
44.313718
53.269936
