15.793260
10.835843
19.162481
9.266810
11.115969
10.485151
14.010821
18.022909
15.458508
8.603952
14.723571
12.240436
16.000143
9.534076
12.059911
21.153184
8.174599
13.976086
10.455268
18.660887
16.933050
10.166008
8.570167
21.533763
22.426900
8.592263
10.417724
14.181708
13.781526
19.003197
14.365132
6.290628
14.891136
16.213994
13.322165
8.388156
17.968002
7.648185
9.106500
12.970155
15.060838
9.696581
10.286963
15.851144
14.926917
13.818321
11.417213
9.742992
7.933098
12.461262
10.070152
14.003554
22.096546
12.651915
8.904229
16.302298
6.002015
9.568283
6.749412
13.946360
13.371548
14.849446
16.688527
16.642502
4.703559
9.433362
9.318263
12.813005
16.366678
21.070264
5.864470
7.986931
14.039853
15.280267
10.452101
11.517830
13.954550
14.855440
17.322597
11.525368
19.301604
7.550355
7.977442
7.180557
13.411684
8.837612
16.394275
12.081691
12.619236
10.668741
35.597119
0.000000
0.000000
0.000000
0.000000
0.000000
54.733360
39.999255
44.313718
53.269936
