12.049888
8.228345
15.092260
7.673634
9.745907
11.803133
12.960480
13.932216
13.107566
10.417303
10.626209
9.372170
12.753903
10.516276
11.296136
17.931527
7.610193
12.010881
10.530278
13.378847
12.957053
12.252175
8.742290
16.508998
15.159080
7.287094
8.255296
11.267401
9.945286
19.003197
11.311927
8.928366
11.294242
11.415927
10.190940
9.099077
12.153610
8.348313
8.947021
8.958731
14.563229
9.062051
10.286963
14.915141
11.038373
9.032236
10.185515
10.022251
4.795701
9.204357
10.070152
11.475010
16.098713
10.528395
7.883897
13.145953
6.537697
7.955598
6.062499
12.808446
11.691374
11.075281
12.688977
12.796038
6.786168
9.433362
7.978565
13.713511
15.694872
16.263903
5.434063
10.456270
13.179836
15.517448
10.225643
11.458933
12.956992
11.088078
13.273253
7.061840
12.435180
8.470282
6.529107
7.065002
11.320200
6.892920
14.287621
10.454260
8.777363
11.014469
35.597119
0.000000
0.000000
0.000000
0.000000
0.000000
54.733360
39.999255
44.313718
53.269936
