11.198014
9.448932
15.511249
8.274706
9.745907
11.649562
13.391298
14.512403
13.898419
10.494697
10.626209
9.311987
12.430989
11.013773
11.068013
18.414806
7.360545
12.233882
10.653968
14.229315
12.950022
12.267315
8.325353
17.252689
16.008226
7.166272
9.200552
11.569837
9.524896
19.003197
11.410514
7.769444
11.564370
12.376284
10.062524
9.834967
12.913660
8.247860
8.947021
9.062992
14.563229
9.478755
10.286963
15.585387
11.717637
8.788968
11.324421
10.022251
4.821967
9.509067
10.070152
11.780443
16.475645
10.754374
7.739140
13.145953
6.537697
7.164085
6.268058
12.882563
12.313870
11.105679
13.890039
13.305128
6.278597
9.433362
7.353147
12.994174
16.043497
16.920276
6.100009
8.510858
12.174602
15.517448
9.361568
11.458933
13.306714
11.215914
13.274962
7.272487
11.032451
9.447139
6.470101
7.180557
12.388603
7.023880
14.287621
10.614324
9.744572
11.014469
35.597119
0.000000
0.000000
0.000000
0.000000
0.000000
54.733360
39.999255
44.313718
53.269936
