10.881624
9.743143
15.382937
8.222292
9.745907
11.341646
13.337686
14.857588
13.990459
10.458170
10.626209
9.736770
13.407016
10.678708
10.636017
18.615494
7.360545
12.361003
10.653968
14.299957
13.323932
11.293281
8.227246
16.987431
16.872568
7.251615
9.414040
11.287341
9.774121
19.003197
11.944745
8.015828
11.532704
12.463234
10.097539
9.066927
12.907432
7.810967
8.814428
8.633541
14.377838
8.978371
10.286963
15.867543
11.945945
9.117322
11.512481
10.022251
5.108763
9.821224
10.070152
12.622721
16.315421
10.495820
7.403878
13.231208
6.537697
7.533938
5.712284
13.055608
12.248719
11.279688
14.813888
13.817595
6.411783
9.433362
6.896161
12.568227
16.043498
16.403365
5.757340
8.745451
12.167728
15.517448
9.676084
11.458933
13.358887
11.627654
13.353223
7.272487
11.524393
9.333822
6.414030
7.180557
12.158579
7.978472
14.287621
11.000604
10.089109
10.893112
35.597119
0.000000
0.000000
0.000000
0.000000
0.000000
54.733360
39.999255
44.313718
53.269936
