34.304093
56.131530
47.508396
0.212466
0.000000
42.897652
51.279928
0.175701
52.062250
42.392237
0.001483
0.000000
58.340962
0.000000
44.578621
51.700160
47.417130
44.211612
0.245619
58.967669
0.000000
0.091266
0.064314
28.641533
77.324733
0.000000
47.915198
50.247889
0.148976
67.415414
55.828906
0.140300
36.769452
50.230045
0.104458
59.279202
0.223359
0.000384
0.117188
64.487730
0.000000
0.088127
0.000000
0.000000
47.313947
0.071078
40.920985
0.000000
0.005606
0.000000
0.000000
0.000000
0.000260
53.604871
66.485473
44.710412
0.024749
0.000000
0.095467
56.156804
63.586513
53.519981
47.149674
31.176231
77.637720
0.000000
49.064613
49.968096
68.518781
61.935246
64.645103
23.851861
0.000000
0.094991
0.425871
0.000000
57.052316
48.352941
38.630408
57.842886
0.000000
0.318365
0.000000
0.025503
50.059655
45.769487
49.065163
0.000000
48.473336
0.000046
54.347728
55.090316
61.480599
49.227393
0.000000
0.000000
0.000000
56.775561
45.390521
65.338237
