11.439432
9.025856
15.925567
8.015340
9.745907
11.347808
12.740810
14.158202
13.701680
10.697429
10.626209
9.209605
12.754794
10.317168
10.928447
17.789444
7.386569
11.833805
10.653968
13.960409
13.182817
12.111886
8.385670
17.074625
16.030122
7.215412
8.424310
11.869595
9.391048
19.003197
11.330832
8.333046
11.294242
12.067588
9.853425
8.927818
12.169851
8.247860
8.947021
9.157852
14.563229
9.052977
10.286963
14.939516
11.674572
9.043200
10.292459
10.022251
4.795701
9.216277
10.070152
11.534803
16.363327
10.754374
7.710058
13.145953
6.537697
7.955598
6.184849
12.304218
11.982703
10.344696
13.270568
13.235853
6.329776
9.433362
8.029134
13.569125
16.448718
16.366172
5.925622
9.543190
12.484189
15.517448
9.863582
11.458933
12.956992
11.065852
12.726113
7.272487
12.331580
8.999741
6.668464
7.180557
11.994560
6.929009
14.287621
10.535230
8.972484
11.014469
35.597119
0.000000
0.000000
0.000000
0.000000
0.000000
54.733360
39.999255
44.313718
53.269936
