14.133161
9.518154
18.085933
8.863015
10.510817
11.290494
14.007318
17.864289
15.493758
9.812112
12.306840
11.107898
14.957770
9.469020
11.462588
20.145633
7.800535
14.780428
11.317367
16.218153
14.625599
12.038469
8.721264
19.223581
19.871924
8.592263
9.154390
12.787809
10.429891
19.003197
12.603957
7.948141
13.282401
13.841634
11.634173
8.120810
17.183100
7.605780
10.339372
12.002602
15.022849
8.665395
10.286963
15.576169
13.610791
11.176459
11.417213
11.349904
6.456582
9.769424
10.070152
14.201022
20.189493
12.316260
8.804256
16.891072
6.751302
8.193959
6.851778
13.169350
13.433807
14.186875
15.872018
14.154242
5.963929
9.433362
6.915933
13.514664
16.611070
18.737039
4.444391
8.342338
11.714997
15.517448
9.636590
11.914534
13.368307
12.959570
15.713402
9.984470
15.245559
7.864110
7.358641
7.180557
13.324853
9.130600
15.121024
12.495557
10.089111
12.219784
35.597119
0.000000
0.000000
0.000000
0.000000
0.000000
54.733360
39.999255
44.313718
53.269936
