15.890472
10.806216
19.294384
9.266810
11.116184
10.576950
13.900740
17.955981
15.458893
8.297968
14.853187
12.240508
16.015261
9.534076
12.127567
21.138490
8.126983
13.980760
10.455273
18.660887
16.939004
10.428057
8.793987
21.864424
22.160028
8.592263
10.095373
14.114844
13.731428
19.003197
14.365132
6.398780
14.764105
16.033883
13.454514
8.562660
17.968002
7.823212
9.145339
13.079761
15.176661
9.449570
10.286963
15.851144
14.926917
13.814214
11.417213
9.665404
8.203414
12.493652
10.070152
14.003554
22.019047
12.651915
8.670822
16.475761
6.155545
9.568342
6.749413
14.015219
13.340323
14.646314
16.868367
16.708519
4.574627
9.433362
9.299049
12.813005
16.719888
21.070264
5.775073
8.077007
14.039878
15.013049
10.452101
11.517830
13.954551
14.975847
17.320127
11.503315
19.368452
7.709219
8.106954
7.180557
13.372464
8.716237
16.247933
12.062203
12.619236
10.975685
35.597119
0.000000
0.000000
0.000000
0.000000
0.000000
54.733360
39.999255
44.313718
53.269936
