10.864222
9.710097
15.271518
8.346774
9.745907
11.322207
13.391299
14.892690
14.331658
10.494697
10.626209
9.775767
13.196840
10.521603
10.542535
18.620463
7.360545
12.207431
10.653968
14.298953
13.093215
11.749897
8.192390
16.987236
16.426463
7.246940
9.263130
11.262951
9.706249
19.003197
11.655409
8.015828
11.564370
12.544123
9.884882
9.375292
12.907432
8.239161
8.947021
8.317286
14.535201
9.061769
10.286963
15.789166
12.043683
8.849692
11.701777
10.022251
5.062969
9.628490
10.070152
12.078666
16.254221
10.269008
7.400425
13.054021
6.537697
7.568013
6.041121
13.299102
12.015504
11.411280
14.188341
13.904120
6.537299
9.433362
7.082885
12.899211
16.043498
16.520752
5.755804
8.811875
11.988595
15.517448
9.684935
11.458933
13.023151
11.514415
13.496631
7.272487
11.343472
9.577887
6.408309
7.180557
12.388603
7.542848
14.287621
10.749373
9.909681
11.014469
35.597119
0.000000
0.000000
0.000000
0.000000
0.000000
54.733360
39.999255
44.313718
53.269936
