13.128871
9.179089
16.703952
8.863015
10.602345
11.108861
13.939849
17.378992
15.193590
9.924942
11.527967
10.168613
13.984718
9.426664
11.231639
20.071841
7.610294
14.259356
10.807351
15.983442
13.888329
11.946732
8.721264
19.066042
19.879497
8.592263
9.350531
13.046831
9.475967
19.003197
12.971602
7.598415
13.482447
13.708805
11.334717
8.185874
15.994820
7.191358
10.064361
10.713639
15.445747
8.078185
10.286963
15.566536
12.963554
10.341745
11.247354
10.470864
6.412802
9.516836
10.070152
13.838624
19.215258
11.996008
8.266104
15.807519
6.596009
8.193959
5.626316
13.188987
12.687187
13.247386
16.254298
14.154242
5.861580
9.433362
6.041237
13.324213
16.470073
18.125111
4.656835
8.290109
12.004506
15.517448
10.311300
12.085754
13.139022
12.074946
15.804514
9.938250
14.895768
8.071961
7.080915
7.180557
12.928208
8.998341
14.797042
11.898963
10.089111
11.548456
35.597119
0.000000
0.000000
0.000000
0.000000
0.000000
54.733360
39.999255
44.313718
53.269936
