16.004646
9.820685
18.513939
9.378140
9.847609
10.365384
13.451541
17.929297
15.374327
8.337589
13.654903
11.221873
16.038419
9.160525
11.104608
19.943638
8.456204
13.166543
10.920937
17.927754
15.030279
10.662686
9.454074
20.851193
21.607104
8.592263
10.002565
14.957659
12.336585
19.003197
13.668048
6.647945
14.426575
15.086253
12.369091
8.512142
17.102852
7.032448
8.766317
12.478469
13.950534
9.981489
10.286963
15.972135
14.887148
12.435225
11.417213
10.064919
6.716338
12.095409
10.070152
14.003554
21.477264
12.209771
8.438808
16.458314
6.054453
9.724980
6.043524
13.360033
13.019721
14.209265
15.632318
16.333463
5.085424
9.433362
9.387554
13.142142
15.639533
19.913885
5.968198
8.269022
13.364612
16.164609
10.452101
11.517830
13.591560
14.091079
15.220658
10.788855
19.122276
7.673899
7.187267
7.180557
14.184921
8.410286
15.912095
12.844280
12.495706
9.975260
35.597119
0.000000
0.000000
0.000000
0.000000
0.000000
54.733360
39.999255
44.313718
53.269936
