35.143482
59.089869
48.947073
0.096427
0.000000
42.897652
53.297513
0.016343
53.988442
44.286832
0.000000
0.000000
58.735118
0.000079
46.737302
53.511258
47.541490
46.238186
0.000000
60.954864
0.297015
0.000000
0.000000
30.339613
78.952384
0.029189
48.987862
51.840043
0.038814
68.868691
57.505810
0.149722
38.297201
51.012894
0.024017
59.279202
0.000000
0.248088
0.000969
65.417809
0.043544
0.264749
0.000000
0.032910
47.376049
0.038236
42.623093
0.065942
0.000006
0.000107
0.000000
0.000000
0.088127
54.892434
67.413489
45.896480
0.127585
0.003758
0.000006
56.746556
64.493364
56.257595
47.645356
33.825655
78.752478
0.042258
50.478118
51.763847
69.771781
63.811859
66.192101
26.098283
0.001598
0.001432
0.054805
0.000000
59.812346
50.808655
41.028170
59.281787
0.255643
0.005149
0.177467
0.279748
50.623509
46.342272
51.674735
0.210352
50.293771
0.052656
54.347728
55.090316
61.480599
49.227393
0.000000
0.000000
0.000000
56.775561
45.390521
65.338237
