12.154519
8.295956
15.278206
7.680826
9.745907
11.616671
12.874226
13.705675
13.106248
10.638492
10.626209
9.286043
12.754780
10.533554
11.174238
17.643093
7.633298
11.943452
10.651596
13.646863
12.979424
12.308392
8.785401
16.511210
15.311328
7.272792
8.369125
11.503988
9.746875
19.003197
11.362955
8.784429
11.294242
11.379493
10.306962
9.117737
12.244233
8.240022
8.947021
8.958819
14.563229
8.997101
10.286963
14.964274
11.038373
8.915723
10.185515
10.022251
4.795701
9.251089
10.070152
11.625976
16.098713
10.453355
7.745132
13.145953
6.537697
7.955598
6.080110
13.037834
11.885178
10.810972
12.701769
12.601193
6.690214
9.433362
7.836415
13.735793
15.694872
16.259992
5.579407
10.219885
13.060975
15.517448
9.948044
11.458933
12.956992
11.055386
12.976777
7.061840
12.300894
8.524522
6.531975
7.178288
11.382454
6.923760
14.287621
10.454260
8.789528
11.014469
35.597119
0.000000
0.000000
0.000000
0.000000
0.000000
54.733360
39.999255
44.313718
53.269936
