15.491715
9.805306
18.865763
8.863015
10.579473
10.660427
13.612993
17.929297
15.505506
9.535405
13.210599
11.060472
16.184549
9.153081
11.066290
19.992819
8.539223
14.836659
11.934583
17.433753
14.748032
12.479361
8.940851
21.443168
21.035500
8.592263
9.965057
14.868034
11.989490
19.003197
13.224781
6.910664
14.601075
14.575576
12.192038
9.191831
17.033384
7.032448
9.477419
12.878442
14.343627
10.257508
10.286963
15.920152
14.440272
12.646215
11.417213
10.317647
6.561182
11.558051
10.070152
13.857265
21.572529
12.257781
8.710983
17.140287
5.338734
8.839655
5.791343
13.833969
13.019713
14.054591
16.517729
15.213552
5.004555
9.433362
8.520484
13.385847
16.188905
20.135582
5.913137
8.860135
12.212457
16.223777
10.452101
11.740430
14.175559
13.613326
15.461827
10.316399
18.049354
7.874889
7.535467
7.180557
13.947930
9.213242
14.849820
12.001672
11.415474
11.868285
35.597119
0.000000
0.000000
0.000000
0.000000
0.000000
54.733360
39.999255
44.313718
53.269936
