11.520427
7.915820
15.242785
7.715870
9.476536
11.295806
12.855407
12.524793
12.072021
9.775417
10.626209
9.726330
14.076470
10.383196
12.497590
17.776979
8.192120
11.824783
10.702998
12.895637
12.339171
11.207501
8.763811
15.804937
14.399518
6.919738
8.609478
11.666288
9.428973
19.003197
10.154360
9.020373
10.926626
11.463983
10.139006
9.259774
12.584972
8.717127
9.578863
8.784120
14.768521
9.282146
10.286963
14.239345
11.084243
8.120672
10.794982
9.902393
4.795701
8.518058
9.788701
11.857907
16.021662
10.412592
9.353320
12.498790
6.537697
7.955598
5.902263
12.005846
12.341565
11.227677
11.016933
12.170422
7.334983
9.683296
8.265182
13.583590
15.694871
16.928803
5.826638
11.317425
14.016691
15.517448
10.391988
11.458933
12.956992
10.651182
13.244089
7.061837
12.496809
8.823889
7.195813
7.722757
10.621131
7.036405
14.287621
10.467098
8.401448
11.014469
35.597119
0.000000
0.000000
0.000000
0.000000
0.000000
54.733360
39.999255
44.313718
53.269936
