11.925193
8.248781
15.289817
7.833285
9.745907
11.624680
12.608108
13.802257
13.378769
10.656739
10.626209
9.332230
12.754794
10.431217
11.100372
17.792554
7.563061
11.976776
10.653968
13.868571
13.261517
12.092014
8.385666
16.511244
15.608610
7.304412
8.390221
11.346274
9.748373
19.003197
11.558068
8.389756
11.294242
11.664958
9.888192
9.153726
12.218183
8.247860
8.947021
9.080289
14.563229
9.350708
10.286963
14.939513
11.038373
8.946876
10.160316
10.022251
4.795701
9.227000
10.070152
11.609675
16.098713
10.754248
7.984571
13.145953
6.537697
7.955598
5.976482
12.376401
11.794323
10.419535
13.169638
12.835326
6.405591
9.433362
8.029070
13.736142
15.885871
16.347081
5.577572
9.808553
12.739308
15.517448
9.679509
11.458933
12.956992
10.979123
12.861071
7.271260
12.296635
8.368673
6.618024
7.180557
11.555065
6.888555
14.287621
10.454260
8.823431
11.014469
35.597119
0.000000
0.000000
0.000000
0.000000
0.000000
54.733360
39.999255
44.313718
53.269936
