16.093272
10.187916
18.640221
9.152182
10.293780
10.772150
13.451541
17.929297
15.707511
8.836095
14.118462
11.367086
16.076593
8.735416
10.786285
19.840885
8.244477
13.368964
10.748577
17.907254
15.008606
10.972823
9.158684
21.029333
21.195014
8.592263
9.734455
15.336538
12.209584
19.003197
13.155270
6.647945
14.264914
15.078477
12.410834
8.274989
16.898554
7.032448
9.305337
12.653933
13.660344
9.964695
10.286963
15.972476
14.676545
12.363777
11.417213
9.764223
6.799755
12.815132
10.070152
14.003554
21.547726
12.126403
8.710983
16.460597
5.870489
9.724865
6.038125
13.086447
13.019721
13.831823
15.300907
16.241773
5.278199
9.433362
9.401463
13.387054
15.736249
19.885164
5.972706
8.624051
13.205267
16.164609
10.452101
11.505573
13.613744
14.091079
15.766899
10.090666
18.589376
7.746085
7.187267
7.180557
13.978781
9.182714
15.491588
12.192967
12.180358
10.878659
35.597119
0.000000
0.000000
0.000000
0.000000
0.000000
54.733360
39.999255
44.313718
53.269936
