11.743211
8.151422
14.267570
7.551469
9.476536
11.873736
13.871417
11.890537
12.678405
10.636552
10.626209
9.490420
14.022728
10.111985
12.786919
17.418520
8.166494
12.061394
10.616614
12.594608
12.158624
11.028973
9.315229
14.920197
14.026876
7.610123
8.063342
11.603980
9.244897
19.003197
9.416928
9.117614
10.383616
11.172187
10.432033
9.189281
12.626119
7.296078
9.279731
8.669180
15.564716
9.136621
10.286963
13.627240
10.986384
7.645342
11.030031
9.500796
4.795701
8.161806
9.911383
12.276524
16.002433
10.283538
8.244157
12.443385
6.528510
7.982472
5.999484
11.619009
13.015780
10.520218
10.974544
11.326092
7.182273
10.180360
8.358480
13.000158
15.917455
16.130904
6.276498
11.778784
12.975292
15.517448
10.035891
11.276716
12.956977
10.316755
12.947421
7.100516
12.496809
8.927118
6.878180
7.569347
10.508854
7.036405
13.832020
10.372548
8.315718
11.014469
35.597119
0.000000
0.000000
0.000000
0.000000
0.000000
54.733360
39.999255
44.313718
53.269936
