11.781665
8.007633
14.708322
8.017923
9.745907
11.487476
12.864551
12.955998
12.425447
9.775255
10.626209
9.726330
13.753301
10.469408
11.631670
17.474087
8.512110
11.734773
10.510345
13.054210
12.239126
11.400318
8.880780
15.805064
14.713711
6.920139
8.364775
11.748531
9.556277
19.003197
10.452018
9.054105
11.294242
11.412644
9.674814
9.446191
12.523732
8.458631
9.611187
8.718570
14.563229
9.282146
10.286963
14.836066
10.789449
8.070704
10.380114
10.022251
4.795701
9.044102
10.009242
11.974280
16.098713
10.312790
8.801349
13.008395
6.537697
7.955598
5.678340
12.175205
12.541199
10.697690
11.726809
12.829558
7.723809
9.433362
7.685375
13.726875
15.694872
17.015472
5.871564
11.516631
13.700462
15.517448
10.284534
11.458933
12.956992
10.699860
13.775741
7.061840
12.496809
8.104213
6.948090
7.564852
10.970116
7.036405
14.287621
10.633100
8.725588
11.014469
35.597119
0.000000
0.000000
0.000000
0.000000
0.000000
54.733360
39.999255
44.313718
53.269936
