32.750856
54.947421
45.761886
0.134799
0.000044
42.897652
50.001283
0.077384
51.068688
41.076000
0.185635
0.000000
58.032007
0.000000
41.968701
50.294589
46.384121
43.182282
0.245619
58.142611
0.037106
0.068634
0.000000
27.335988
77.148317
0.195153
46.095775
48.259283
0.022619
66.375362
54.813497
0.000000
35.663074
50.178976
0.294531
59.279202
0.000000
0.074723
0.000000
64.273129
0.042682
0.000000
0.000000
0.073979
47.313947
0.020984
39.459645
0.035120
0.030685
0.152093
0.100865
0.000000
0.073610
52.406560
66.587021
44.007655
0.000000
0.091724
0.027627
54.792484
62.949509
51.407896
45.642756
29.733642
76.729548
0.001614
47.653937
49.699145
66.674393
60.529699
63.520987
21.992874
0.000010
0.000615
0.000000
0.001894
55.001920
46.376581
36.135076
56.137787
0.086815
0.000000
0.152747
0.211406
48.727755
44.778659
47.824976
0.000000
48.359049
0.000000
54.347728
55.090316
61.480599
49.227393
0.000000
0.000000
0.000000
56.775561
45.390521
65.338237
