15.282068
9.442516
18.422537
8.863015
10.391023
11.397158
14.081014
17.929297
15.578098
9.563648
12.989804
10.903580
15.879014
9.243979
10.925285
20.018560
8.539072
14.940981
12.381211
16.778825
14.436982
12.066470
8.735550
21.102689
20.055383
8.592263
9.726168
14.596865
11.382725
19.003197
13.232620
6.974748
14.814077
13.854315
12.192038
9.178667
17.482613
7.032448
9.393367
12.997882
14.206743
10.015705
10.286963
15.637561
14.222733
12.138090
11.417213
10.086260
6.657288
11.209526
10.070152
13.857265
21.804650
12.810875
8.710972
16.942909
5.837933
8.881504
5.655529
13.427798
13.216136
13.946430
16.813848
14.979772
5.123352
9.433362
8.181963
13.385847
15.966347
19.597987
5.296528
8.756475
11.697725
16.457886
10.450544
12.059388
13.707995
13.558899
15.520318
10.666553
17.834682
8.051176
7.639770
7.180557
13.947930
9.213242
14.849810
12.001672
10.987193
11.220625
35.597119
0.000000
0.000000
0.000000
0.000000
0.000000
54.733360
39.999255
44.313718
53.269936
