15.609780
9.800095
18.898973
9.205672
10.524707
10.468427
13.407370
17.929297
15.785672
8.831322
13.605565
10.804220
16.173860
8.442058
10.594866
20.084953
8.242882
13.790644
11.171821
17.437142
15.235908
11.949098
9.333559
21.473784
21.038144
8.592263
10.162481
15.527552
12.227353
19.003197
13.339623
6.647942
14.732757
14.750919
12.192038
8.682566
16.898553
7.032448
9.368524
13.257317
13.832990
10.332706
10.286963
16.030455
14.675873
12.253454
11.417213
10.010735
6.483821
12.389702
10.070152
14.003554
21.127654
12.308643
8.710983
16.875577
5.157660
9.548188
5.776764
13.388516
13.019721
13.581454
15.802285
15.750705
4.776629
9.433362
9.349443
13.252641
15.843856
20.353225
5.521908
9.150730
12.936054
16.159590
10.452101
11.769960
13.861541
14.091079
15.266280
10.411518
18.049355
8.102514
7.187266
7.180557
13.711392
8.900765
15.338748
12.126925
12.208606
11.379853
35.597119
0.000000
0.000000
0.000000
0.000000
0.000000
54.733360
39.999255
44.313718
53.269936
