35.273607
57.654696
47.572551
0.098868
0.048765
42.897652
53.162933
0.004174
53.041374
43.637415
0.117188
0.020061
59.192320
0.000000
45.966244
52.704309
47.417130
45.494277
0.050591
60.138871
0.000014
0.230162
0.303025
29.395413
77.865839
0.278323
48.907632
51.054165
0.175389
68.057749
56.229405
0.217744
37.923773
50.968912
0.021302
59.279202
0.042047
0.061793
0.163005
65.379274
0.136836
0.069692
0.000000
0.005748
47.313947
0.063674
41.894253
0.000000
0.181959
0.000000
0.132129
0.000000
0.215677
53.857471
67.071832
45.280394
0.057904
0.000000
0.000000
56.185846
64.466053
55.034703
47.643452
32.668942
78.483880
0.002073
50.550120
50.564453
68.842738
62.786552
65.416741
25.248933
0.109266
0.085096
0.000000
0.000000
58.317548
50.043910
39.716365
58.774863
0.149722
0.075474
0.000000
0.082995
50.618896
45.769487
50.157413
0.072514
49.540890
0.000000
54.347728
55.090316
61.480599
49.227393
0.000000
0.000000
0.000000
56.775561
45.390521
65.338237
