13.341505
9.418894
16.522093
8.863015
10.480899
11.108863
13.940005
17.605477
15.365132
9.924942
11.456112
10.333071
13.935042
9.351449
11.231710
20.161324
7.610294
14.489659
10.807351
15.990958
13.888329
11.868661
8.721264
18.775512
19.712856
8.592263
9.356072
12.967406
9.478320
19.003197
12.687064
7.740986
13.491860
13.855039
11.347047
8.214723
16.190817
7.275266
10.077530
10.570443
15.304205
7.995397
10.286963
15.566536
13.022919
9.960707
11.421517
10.641374
5.911389
9.311500
10.070152
13.845991
19.334203
12.170463
8.219633
15.604416
6.529084
8.193959
5.692973
13.362827
12.750593
13.192974
16.033702
14.154242
5.953455
9.433362
5.971622
13.324213
16.338548
18.154164
4.515207
8.203176
12.004506
15.517448
10.192335
11.859341
13.146280
11.977408
15.787781
9.587053
15.178062
8.077127
7.037961
7.180557
12.961892
9.063676
15.002599
11.815455
10.089111
11.550642
35.597119
0.000000
0.000000
0.000000
0.000000
0.000000
54.733360
39.999255
44.313718
53.269936
