11.599605
9.936971
15.500896
8.077394
9.745907
10.959905
13.519490
16.811193
14.444874
9.924726
10.626209
8.907006
13.223186
9.721545
11.086391
19.802626
7.360545
13.167054
11.479690
15.321732
13.953735
11.401761
8.440775
18.129887
18.154069
8.592258
9.835139
12.542497
9.433015
19.003197
12.698098
7.314271
12.150371
13.159273
10.487503
9.022574
13.349109
7.554752
9.812107
9.671795
14.396876
8.415338
10.286963
14.967753
12.928672
10.041739
11.543732
10.147355
5.921839
8.662125
10.070152
12.527616
18.124412
12.182389
7.098189
14.126604
6.537697
7.062141
4.775155
13.093634
13.144411
12.634666
16.136652
14.577647
5.818986
9.433362
6.868008
13.592360
16.628461
17.639612
5.536701
9.094862
12.021770
15.517448
9.913365
11.364767
12.619852
11.629163
15.291149
8.220952
13.726145
8.696381
6.813316
7.180557
11.999940
8.811772
14.287621
10.937866
10.089111
11.517575
35.597119
0.000000
0.000000
0.000000
0.000000
0.000000
54.733360
39.999255
44.313718
53.269936
