13.018513
9.604625
16.409309
8.863015
9.754648
11.490112
13.564978
16.795153
14.470781
9.924942
10.868837
9.619556
13.396070
9.021532
11.084093
19.860343
7.610294
14.066640
10.514261
15.893316
13.773037
11.401761
8.721264
18.544240
19.388258
8.592263
9.874493
12.695883
9.311904
19.003197
12.938827
8.415821
12.922374
13.448063
10.717471
8.108993
15.322421
7.315809
9.896241
10.850790
15.542137
8.336581
10.286963
15.259964
13.445908
10.244645
10.813994
10.460380
5.928525
8.965205
10.070152
13.549507
18.805312
12.080462
7.743730
15.257324
6.537697
8.162783
4.601800
12.799534
12.609481
12.922918
16.206252
14.511937
5.679895
9.433362
6.083794
13.323985
16.553895
17.445809
4.898783
8.585461
12.004506
15.517448
9.857929
11.830270
13.574755
11.836442
16.002386
9.610419
14.545104
8.476616
7.011203
7.180557
12.334164
9.511706
14.287621
11.385818
10.089111
11.272070
35.597119
0.000000
0.000000
0.000000
0.000000
0.000000
54.733360
39.999255
44.313718
53.269936
