32.070617
55.125391
45.271660
0.091724
0.200093
42.897652
49.741287
0.295534
50.877399
40.775438
0.000000
0.000673
58.025919
0.023308
41.411779
49.669319
45.510523
43.493233
0.069671
57.919603
0.057042
0.000002
0.000000
27.109460
77.019558
0.100865
45.720967
47.558524
0.063357
66.366930
54.930750
0.195153
35.333010
50.178976
0.106608
59.279202
0.000000
0.000030
0.004825
64.273129
0.040398
0.075852
0.250581
0.201096
47.296239
0.058486
38.925995
0.054791
0.230162
0.000000
0.083829
0.000159
0.134799
51.858271
65.740018
44.007655
0.000000
0.019468
0.000001
54.271494
62.949410
51.363473
45.252440
29.733651
76.200285
0.000000
47.388293
49.569331
66.160155
60.120678
63.315606
21.472228
0.017353
0.225604
0.000000
0.007643
54.692533
45.591514
35.712793
56.108305
0.202104
0.010525
0.075097
0.088569
48.631866
44.505158
47.824975
0.000000
48.359049
0.182871
54.347728
55.090316
61.480599
49.227393
0.000000
0.000000
0.000000
56.775561
45.390521
65.338237
