11.977023
8.046632
14.168298
7.512777
9.476536
11.496009
13.729421
12.452476
12.684451
10.391503
10.626209
9.822323
13.903284
10.290783
12.849753
17.232859
8.166504
11.889313
10.403055
12.594608
12.192544
11.042693
9.292273
15.058027
14.173960
7.783140
8.065244
11.549118
9.313306
19.003197
9.837860
8.972916
10.122031
11.309649
10.565828
9.189281
12.568813
7.586923
9.481441
8.669180
15.425732
9.281109
10.286963
13.716025
10.784690
7.645364
10.689338
9.247420
4.795701
8.097089
9.524698
12.053104
15.847469
10.412087
8.422549
12.335456
6.537697
8.299349
5.999484
11.810466
12.659958
10.628850
10.974544
11.535924
7.142537
10.025516
8.399958
13.246593
15.913519
15.695791
5.792903
12.167095
12.774598
15.517448
10.035891
11.382120
12.956992
10.448816
12.947421
7.544668
12.496809
8.944933
6.878180
7.616401
10.510549
7.036405
13.982457
10.398112
8.315718
11.014469
35.597119
0.000000
0.000000
0.000000
0.000000
0.000000
54.733360
39.999255
44.313718
53.269936
