16.363566
9.945501
19.186562
9.266800
10.714988
10.404874
14.179518
17.929297
15.908493
8.599908
14.566973
12.515728
16.123151
8.875548
12.454257
21.045798
8.244409
13.648252
9.987875
18.660887
15.891959
10.416133
9.193791
21.541419
21.658673
8.592263
10.355383
14.121972
13.020959
19.003197
14.229175
6.982246
14.344058
14.994240
12.640328
8.562919
17.968002
7.003755
8.294120
12.764797
14.676676
9.389833
10.286963
15.851144
14.926917
12.733268
11.417213
9.624316
7.537291
12.425468
10.070152
14.003554
21.436402
12.821865
8.524578
16.441462
6.314477
9.724980
6.569936
14.075595
13.501821
15.111967
15.925050
16.241983
4.528398
9.433362
9.740241
12.812903
16.624792
20.715927
6.348641
7.895451
13.555067
15.538734
10.452101
11.517830
13.789433
14.508464
16.249648
11.145733
19.173109
7.775232
7.734752
7.180557
13.366203
9.071565
15.982741
12.549987
12.619236
10.424694
35.597119
0.000000
0.000000
0.000000
0.000000
0.000000
54.733360
39.999255
44.313718
53.269936
