16.128814
10.009519
18.953840
9.238561
10.524826
10.752672
13.451536
17.929297
15.342013
8.618908
13.808897
10.997912
16.048274
8.794784
10.767162
20.100106
8.593124
13.632082
11.079653
17.691764
15.235916
11.505076
9.432695
21.674757
21.351367
8.592263
10.117134
15.693948
12.283198
19.003197
13.531733
6.647945
14.742613
14.847549
12.192038
8.706578
16.898554
7.032448
9.305082
12.913590
13.726471
10.477879
10.286963
16.197143
14.708635
12.554644
11.417213
9.593490
6.333286
12.932663
10.070152
14.003554
21.211002
12.176102
8.710983
16.906220
5.634948
9.476303
5.803039
13.388516
13.019721
13.572337
15.439876
16.105154
5.073888
9.433362
9.359118
13.345035
16.058129
20.634439
5.901311
8.965838
13.072853
16.164608
10.452101
11.568424
13.654748
14.091079
15.642294
10.170744
18.391449
7.770685
7.187267
7.180557
13.994024
9.197623
15.756772
12.150419
11.897027
11.139671
35.597119
0.000000
0.000000
0.000000
0.000000
0.000000
54.733360
39.999255
44.313718
53.269936
