11.496769
8.199083
15.149202
7.476800
9.476536
11.295495
13.072824
12.326589
12.346447
9.795757
10.626209
9.726330
13.688369
10.366694
12.491505
17.466265
8.132949
11.820568
10.480608
12.886021
12.414534
11.292011
8.860413
15.725620
14.245179
7.248629
8.472911
11.666116
9.428816
19.003197
10.044847
8.654084
10.646857
11.463983
9.916633
9.193971
12.325068
8.270120
9.540831
8.707382
14.989070
9.282133
10.286963
13.880854
11.037236
8.011988
10.794933
9.745864
4.795701
8.500106
9.624373
11.874882
15.602311
10.412592
8.877486
12.024127
6.537697
7.955597
5.869624
11.859582
12.617252
11.224261
11.016737
11.949552
7.255184
9.753940
8.074726
13.389772
15.694459
16.925421
5.795727
11.638207
13.955839
15.517448
10.035891
11.458931
12.956992
10.532142
12.947421
7.059990
12.496809
8.953494
7.195813
7.722757
10.420659
7.036405
14.287621
10.136698
8.399457
11.014469
35.597119
0.000000
0.000000
0.000000
0.000000
0.000000
54.733360
39.999255
44.313718
53.269936
