15.609720
9.615680
18.835508
9.002014
10.265614
10.914273
13.091803
17.929297
15.873833
9.125138
13.369953
10.978414
16.245967
8.162357
10.705826
20.084953
8.121307
14.215405
11.312565
17.977175
15.218496
12.200811
9.218299
21.305783
20.963312
8.592263
10.173698
15.369816
12.178412
19.003197
13.256329
6.641504
15.056850
14.728449
12.192038
8.872413
16.897467
7.032448
9.281795
13.150031
13.875233
10.329630
10.286963
16.010357
14.673499
12.424919
11.417213
9.891965
6.271854
12.167678
10.070152
14.003023
21.276027
12.176003
8.710983
16.699277
5.178488
9.372082
5.827797
13.388343
13.019721
13.505723
15.934856
15.543815
4.831953
9.433362
8.994229
13.110619
15.667081
20.407677
5.560504
9.017078
12.683672
16.161259
10.452101
11.916287
13.838387
14.091061
15.262798
10.398358
18.049355
8.317072
7.184240
7.180557
13.731076
8.900488
15.169138
11.781747
11.981772
11.544587
35.597119
0.000000
0.000000
0.000000
0.000000
0.000000
54.733360
39.999255
44.313718
53.269936
