11.064847
10.022375
15.111933
8.210387
9.745907
11.224506
14.187363
15.758688
13.781573
10.214927
10.626209
9.347251
13.278391
9.844019
11.473116
18.858410
7.360545
12.305188
10.653968
14.175408
14.011027
11.401761
8.748886
17.120973
17.805495
7.244902
9.613469
11.457113
9.683537
19.003197
12.251866
8.015828
12.114706
13.091505
10.121941
9.067642
12.907432
7.629334
8.978100
8.911679
14.343785
8.489882
10.286963
15.778586
12.602071
9.381565
11.489607
10.022251
5.108763
8.888996
10.070152
12.533574
16.333108
10.858683
7.695569
13.136444
6.537697
7.533947
4.990100
12.983458
12.500843
11.001202
15.187683
13.818162
6.157568
9.433362
7.375144
12.306532
16.309629
16.669226
5.757340
8.625588
12.115583
15.517448
9.752778
11.458933
13.359877
11.791434
13.880693
7.424714
12.417711
8.340558
6.414030
7.180557
12.103862
8.255307
14.287621
11.462571
10.089111
11.179366
35.597119
0.000000
0.000000
0.000000
0.000000
0.000000
54.733360
39.999255
44.313718
53.269936
