30.963217
52.893995
42.962854
0.009105
0.000000
42.897652
47.902802
0.000000
49.492701
39.345346
0.262115
0.000001
57.006902
0.000000
39.704603
48.707519
44.520640
41.857616
0.087688
57.837434
0.108178
0.000000
0.000000
25.400135
75.046246
0.000000
44.543321
45.421459
0.000000
65.503595
53.343544
0.089908
33.928581
48.616417
0.000000
58.129311
0.000000
0.000000
0.000000
64.273129
0.018152
0.278323
0.000000
0.000000
45.611559
0.524975
36.356732
0.207220
0.185635
0.000000
0.000000
0.295534
0.000000
51.061477
66.049124
42.408189
0.000000
0.000000
0.000000
53.011949
61.664853
50.704957
43.447237
29.588517
73.523580
0.029482
47.197983
48.221691
64.667195
58.051740
62.652596
19.479446
0.000000
0.168811
0.000000
0.000000
52.527782
44.287542
34.443756
55.577376
0.198102
0.176581
0.000000
0.000002
46.886135
43.744814
47.824975
0.000021
48.359049
0.000000
54.347728
55.090316
61.480599
49.227393
0.000000
0.000000
0.000000
56.775561
45.390521
65.338237
