11.246073
10.175206
14.930888
8.347918
9.745907
11.006789
14.383580
16.212866
13.206468
9.844634
10.626209
8.894775
13.395064
9.758648
11.086329
19.182993
7.360545
12.305188
11.105962
14.826269
13.612859
11.401761
8.408991
17.224578
17.733998
7.425068
9.932842
11.100641
9.743712
19.003197
12.587690
8.015828
12.257337
13.196129
10.115058
9.067642
12.907432
7.785797
9.097971
8.827693
14.396876
8.607426
10.286963
15.258990
12.611955
9.671656
11.594236
10.128492
5.427834
8.565925
10.070152
12.688861
17.044332
11.135042
6.546991
13.634366
6.537697
7.533947
5.020355
12.860104
12.411136
11.578079
15.590733
13.818162
6.297567
9.433362
7.486453
12.238079
16.391606
16.713396
5.652601
8.514634
12.074202
15.517448
9.913311
11.458933
12.778685
11.221185
13.781810
7.672817
12.293058
8.030104
6.439778
7.180557
11.836744
8.534919
14.287621
11.729126
10.089111
11.679891
35.597119
0.000000
0.000000
0.000000
0.000000
0.000000
54.733360
39.999255
44.313718
53.269936
