12.157856
8.285314
14.020452
7.412356
9.476402
12.083094
13.800188
11.570730
12.607978
11.246059
10.626209
9.659766
14.059010
10.111980
12.662112
17.622166
8.280053
12.137659
10.639184
12.594608
12.520231
10.953052
9.362846
15.077531
14.043997
7.587319
7.967793
11.854370
9.566383
19.003197
9.664061
9.483083
10.809595
11.474719
10.508070
9.189281
12.357525
7.685265
9.427015
8.669180
15.568042
9.186678
10.286963
14.103313
11.045561
7.635978
11.170461
9.504581
4.795701
8.412017
9.808271
12.276517
16.298524
10.371272
8.666654
12.252852
6.601963
7.982472
5.999484
11.446855
13.022901
11.157863
10.973850
11.393184
7.399139
10.138115
8.387210
12.973781
15.857668
16.104765
6.275986
11.756640
12.988526
15.517448
10.035891
10.887306
13.012800
10.316755
12.947421
6.903047
12.496809
9.177921
6.878180
8.230654
10.292680
7.036405
14.180891
10.537221
8.315718
11.014469
35.597119
0.000000
0.000000
0.000000
0.000000
0.000000
54.733360
39.999255
44.313718
53.269936
