16.229665
10.114565
18.579766
9.204410
10.115145
10.776796
13.451541
17.929297
15.594006
8.859839
14.022176
11.604612
16.250875
8.986773
10.950911
19.891354
8.446301
13.528378
11.105776
18.132813
15.030278
10.998233
9.357637
21.337905
21.230392
8.592263
9.947902
15.354275
12.328448
19.003197
13.652931
6.647945
13.908534
15.086253
12.553289
8.404049
17.253488
7.032448
9.048103
12.865818
13.995985
9.981489
10.286963
15.928163
14.998392
12.203803
11.417213
10.169792
6.625596
12.639153
10.070152
14.003554
21.560230
12.092821
8.435594
16.449545
6.127302
9.724980
6.043523
13.461117
13.019721
13.847553
15.500981
16.228231
5.510428
9.433362
9.426643
13.441252
15.624592
19.656163
5.793658
8.615569
13.558118
16.164609
10.452101
11.517829
13.613776
14.091079
15.604305
10.475767
18.589381
7.655487
7.187267
7.180557
14.284678
8.783136
15.994557
12.470529
12.422332
10.570738
35.597119
0.000000
0.000000
0.000000
0.000000
0.000000
54.733360
39.999255
44.313718
53.269936
