6.934444
9.033166
8.424539
10.515767
11.000551
9.783727
6.072029
10.955472
5.329070
7.144787
5.625892
8.376259
6.967509
6.663107
8.585511
6.953107
8.964491
11.086786
8.458330
10.057510
6.440802
11.750122
7.061926
8.633505
6.511300
12.397229
9.321854
7.598560
5.830407
8.944867
13.565111
7.304733
11.245274
6.256889
6.381406
6.804052
7.952084
10.192551
7.910878
9.588875
14.584604
7.647796
8.132905
8.904572
4.784688
11.744061
10.276429
14.841382
6.150191
11.081107
11.222080
8.466775
7.154786
8.954419
10.438551
7.239361
8.757162
7.060756
5.812916
8.141719
2.641896
8.468882
7.353773
7.235147
7.780869
9.658386
8.752267
7.343632
12.194223
6.987782
8.906198
5.401392
10.162936
12.903003
6.038784
10.692389
12.640114
9.650637
7.164942
10.032245
7.795089
9.583488
11.210713
6.919298
14.241229
9.492312
10.865836
9.206403
8.263498
8.015798
54.347728
55.090316
61.480599
49.227393
0.000000
0.000000
0.000000
56.775561
45.390521
65.338237
