11.746453
9.704097
15.515079
8.748604
9.745907
11.046991
13.576389
16.899726
13.936586
9.924942
10.626209
9.210757
13.279279
9.240124
11.086391
19.889998
7.360545
13.193394
11.367071
15.399782
13.992996
11.401761
8.500512
18.137068
18.602379
8.592263
9.835139
12.664655
9.665817
19.003197
12.691012
7.326026
12.236762
13.175505
10.339030
8.984631
13.917315
7.074738
9.626740
9.892429
14.657420
8.426853
10.286963
14.867367
13.166151
10.452283
10.875716
10.147355
5.764983
8.603192
10.070152
13.297869
18.351527
11.999157
6.709514
14.403913
6.537697
7.041349
4.850066
12.883682
13.000952
12.471806
16.678575
14.661715
5.702168
9.433362
6.532691
13.632649
16.628684
17.445797
5.202287
8.898177
11.577180
15.517448
10.096737
11.392250
13.116354
11.638775
15.746558
8.420630
13.981468
8.696381
6.344713
7.180557
12.517290
8.535148
14.287621
11.053901
10.089111
10.930760
35.597119
0.000000
0.000000
0.000000
0.000000
0.000000
54.733360
39.999255
44.313718
53.269936
