33.369054
55.492975
46.358777
0.000000
0.109813
42.897652
51.163672
0.051356
51.335299
42.146282
0.000000
0.000576
58.035357
0.151227
43.130310
50.848769
46.941748
43.568402
0.001403
58.198847
0.000000
0.000000
0.000000
27.804247
77.215135
0.001050
46.710683
49.440379
0.000000
67.540854
55.270957
0.040197
35.905492
50.178976
0.221137
59.279202
0.097884
0.100865
0.007720
64.273129
0.094046
0.120155
0.000000
0.002372
47.313947
0.184709
40.067454
0.000000
0.000000
0.000000
0.000000
0.000000
0.000000
52.843955
66.302722
44.045511
0.000000
0.111473
0.000000
54.894272
63.333565
52.424404
46.120313
30.835178
76.771962
0.000004
48.005808
50.289597
67.230615
61.360765
63.998898
22.713403
0.000000
0.034771
0.021302
0.136153
55.503479
47.343368
37.028741
56.824547
0.254368
0.000128
0.051613
0.164643
49.726296
45.413617
48.028377
0.000000
48.359057
0.000000
54.347728
55.090316
61.480599
49.227393
0.000000
0.000000
0.000000
56.775561
45.390521
65.338237
