15.168602
9.332673
17.851747
8.863015
10.488873
10.892363
14.506777
17.929297
15.049908
9.538166
12.959445
10.960181
15.551740
8.769376
10.862703
20.001818
8.318328
14.940981
11.631494
16.339494
14.027395
12.058640
8.756114
20.912896
19.871924
8.592263
9.589539
14.123668
11.195862
19.003197
12.741260
6.902998
14.880744
13.880050
12.192038
8.685026
17.813958
7.031988
9.186647
12.824386
14.383241
9.830127
10.286963
15.472651
13.725232
12.111525
11.417213
10.269713
6.788380
11.216308
10.070152
13.857265
21.590268
12.845846
8.504413
16.942909
5.900928
9.211447
5.606561
12.938636
12.929146
14.293882
16.813848
14.490583
5.376987
9.433362
7.847090
13.385847
15.718397
18.954189
5.324300
8.786053
11.786701
16.450131
10.408458
12.056284
14.046910
13.018265
15.329392
10.749072
16.954474
7.913853
8.038122
7.180557
13.947930
9.212011
14.711465
12.001299
10.597699
11.579469
35.597119
0.000000
0.000000
0.000000
0.000000
0.000000
54.733360
39.999255
44.313718
53.269936
