35.274147
58.325426
48.203970
0.000000
0.000000
42.897652
53.202252
0.121363
53.488999
43.894906
0.294060
0.064637
59.143469
0.187501
46.340978
53.048321
47.417194
45.732426
0.126949
60.799181
0.000000
0.086382
0.000000
29.475425
78.410449
0.165927
49.038386
51.628810
0.342879
68.175503
56.959345
0.000000
38.138570
50.968916
0.000000
59.279202
0.021302
0.000000
0.018799
65.395529
0.235988
0.089013
0.000000
0.000000
47.313952
0.000000
42.180187
0.424480
0.087250
0.170508
0.011749
0.000000
0.000008
54.095699
66.993199
45.729511
0.000000
0.030380
0.000000
56.226649
64.320345
55.301534
47.643453
33.165075
78.569080
0.000000
50.243711
51.258554
69.322283
63.344789
65.681113
25.941141
0.073979
0.054260
0.000005
0.021732
59.034691
50.705916
40.444952
59.130358
0.046702
0.060873
0.045549
0.030532
50.618897
45.808495
50.856893
0.012413
49.668846
0.000000
54.347728
55.090316
61.480599
49.227393
0.000000
0.000000
0.000000
56.775561
45.390521
65.338237
