13.120503
9.256966
16.329427
8.863015
9.392225
10.966159
13.614392
16.903019
14.470781
9.924942
10.762435
9.883321
13.427868
9.076799
10.945885
19.965511
7.610294
13.765516
11.052843
15.399788
14.147136
11.401761
8.721264
18.090104
19.175829
8.592263
9.723136
12.325242
9.659086
19.003197
13.029652
8.250483
12.686486
13.448061
11.031122
7.969828
14.890253
7.257902
9.892409
10.257111
15.298342
8.662521
10.286963
15.517542
13.445908
10.231503
10.855698
10.505328
5.928525
8.864027
10.070152
13.074405
18.805312
12.610798
7.596569
15.129935
6.537697
8.021980
4.601800
12.655695
12.631672
12.922805
16.525472
14.794199
5.753462
9.433362
6.272229
13.932817
16.269813
17.445809
4.987010
8.526615
12.004506
15.517448
10.204912
12.031182
13.551358
11.698649
16.123464
9.327181
14.400251
8.448593
7.320758
7.180557
12.397909
9.290024
14.287621
11.299691
10.089111
11.507747
35.597119
0.000000
0.000000
0.000000
0.000000
0.000000
54.733360
39.999255
44.313718
53.269936
