35.176269
57.093098
47.520467
0.215677
0.080542
42.897652
52.744758
0.000000
52.603073
43.868370
0.282529
0.195153
58.771236
0.000000
45.349110
52.225868
47.417130
45.301787
0.000000
59.934204
0.000000
0.000000
0.295798
29.185093
77.802775
0.000000
48.793764
50.636793
0.000000
67.724365
55.928210
0.000000
37.307087
50.968912
0.000000
59.279202
0.000000
0.141710
0.000000
65.428973
0.279718
0.000000
0.000000
0.000000
47.313947
0.000000
41.892641
0.000000
0.000000
0.000000
0.031149
0.000000
0.060267
53.776192
66.959912
45.275271
0.000000
0.000000
0.000000
56.185845
64.309319
54.484782
47.643452
32.258593
78.303928
0.041009
50.374787
50.556506
68.839491
62.778403
65.255502
24.929609
0.000000
0.000000
0.000000
0.000000
58.086289
50.062093
39.627149
58.718721
0.005279
0.000000
0.000000
0.002926
50.325013
45.769487
49.917084
0.000000
49.071014
0.000000
54.347728
55.090316
61.480599
49.227393
0.000000
0.000000
0.000000
56.775561
45.390521
65.338237
