11.720225
7.863764
14.719294
7.054456
9.476536
11.686931
13.422424
12.344952
12.200548
9.977489
10.626209
9.726306
13.749972
10.287456
12.503900
17.070025
8.166504
11.591147
10.516926
12.594608
12.256912
11.242200
9.207185
15.769946
14.188519
7.523501
8.305523
11.292991
9.063286
19.003197
10.051739
8.540678
10.496371
11.463977
10.341982
9.235178
12.324785
7.609158
9.481518
8.669180
15.132603
9.392619
10.286963
13.783105
11.000867
7.645364
10.767604
9.500297
4.795701
8.137330
9.443497
11.779806
15.736096
10.412592
9.058796
12.147459
6.537697
7.903969
5.690478
11.421094
12.440638
10.872395
11.007174
11.784569
7.156463
9.796852
8.011168
13.389761
15.807718
16.591291
5.859832
11.584169
13.355857
15.517448
10.035891
11.414495
12.956992
9.822648
12.947421
7.109557
12.496809
9.100723
7.195617
7.722597
10.326791
7.036405
14.287613
10.330614
8.589205
11.014469
35.597119
0.000000
0.000000
0.000000
0.000000
0.000000
54.733360
39.999255
44.313718
53.269936
