13.025454
9.493218
16.323923
8.863015
9.784318
11.418231
13.565356
17.296014
14.470781
9.924942
11.313568
9.929467
13.165623
9.039750
11.117621
19.795033
7.610294
13.977315
10.670343
15.853437
13.758579
11.401761
8.721264
18.498550
19.182601
8.592263
9.656002
12.712954
9.512462
19.003197
12.938827
7.984870
12.827114
13.448063
10.745423
8.277200
15.674577
7.322265
9.714550
10.390435
15.557975
8.235811
10.286963
15.407377
13.136116
10.280049
11.236086
10.462329
6.019076
8.771639
10.070152
13.413852
18.805312
11.594848
7.705702
15.701503
6.537697
8.193889
4.823228
12.799651
12.466472
12.922918
16.246323
14.356137
5.679899
9.433362
5.993414
13.324212
16.063238
17.445809
4.634918
8.318372
12.004506
15.517448
9.895904
11.990009
13.469492
11.726120
15.977551
9.425976
14.795491
8.391379
7.043124
7.180557
12.334803
9.233996
14.287621
11.716932
10.089111
11.285409
35.597119
0.000000
0.000000
0.000000
0.000000
0.000000
54.733360
39.999255
44.313718
53.269936
