15.335865
9.338367
18.370476
8.863015
10.510850
10.892363
14.278799
17.929297
15.049908
9.740394
12.623603
10.663940
15.510624
8.561352
11.450222
20.028523
8.425844
14.940981
11.239683
16.252048
14.749742
11.529735
8.754725
20.520361
19.871924
8.592263
9.202124
13.858460
10.911338
19.003197
12.739577
7.469084
14.541578
14.249071
12.095728
8.331045
17.928891
6.928951
9.182038
12.378163
14.521706
9.544372
10.286963
14.901983
13.109617
11.638644
11.417213
10.782137
6.939315
10.740900
10.070152
13.857265
21.177345
12.352584
8.504408
16.736545
6.224891
9.070154
5.499424
12.979300
12.847063
14.358548
16.813848
14.256322
5.276149
9.433362
7.109602
13.385847
16.111645
18.874266
5.402498
8.351538
11.948962
15.630452
9.999560
11.933309
13.840319
13.303899
15.314358
10.431489
16.446090
8.343544
8.681340
7.180557
13.947864
9.479737
14.750837
11.691544
10.955632
12.029662
35.597119
0.000000
0.000000
0.000000
0.000000
0.000000
54.733360
39.999255
44.313718
53.269936
