11.187512
9.952319
15.404277
8.117991
9.745907
11.044195
13.471765
14.984223
14.037934
10.277643
10.626209
9.651830
13.188174
10.618636
11.199625
18.855889
7.360545
12.305138
10.653968
14.290424
13.553062
11.401754
8.612612
16.691353
17.128138
7.573252
9.775427
11.517310
9.775462
19.003197
11.896291
8.015828
11.692912
12.652977
9.697890
9.067642
12.907432
7.821424
8.886111
8.967550
14.305728
8.546394
10.286963
15.901998
12.274623
8.833309
11.576145
10.022251
5.108763
9.148657
10.070152
12.532651
16.223924
10.883791
7.478926
12.845040
6.537697
7.533947
5.329922
12.912313
12.516148
11.488040
14.647470
13.818162
6.171793
9.433362
7.017311
12.372082
16.043498
16.729831
5.757340
8.969238
12.106777
15.517448
9.914727
11.458933
13.370954
11.795013
13.728785
7.175332
11.655469
9.065288
6.414030
7.180557
11.851432
8.067817
14.287621
10.953954
10.089111
11.173889
35.597119
0.000000
0.000000
0.000000
0.000000
0.000000
54.733360
39.999255
44.313718
53.269936
