13.025469
9.515560
16.375115
8.863015
9.646555
11.368035
13.565357
17.441474
14.612893
9.924942
11.597729
10.329335
13.475700
9.120959
11.307440
19.837662
7.610294
13.821473
10.779849
15.781005
13.872125
11.422124
8.721264
18.689471
19.467544
8.592263
9.706571
12.712991
9.647262
19.003197
12.905020
7.744569
13.264914
13.448063
11.174277
8.362177
15.756082
7.120491
9.904477
10.641463
15.503689
7.972586
10.286963
15.622320
13.530350
10.150541
11.431464
10.462334
6.009834
9.096315
10.070152
13.484118
18.805312
12.045412
7.860643
15.670424
6.537697
8.193957
5.150169
12.810788
12.483123
13.012943
16.182871
14.095961
5.679899
9.433362
6.280009
13.324213
16.438775
17.778156
4.635680
8.449188
12.004506
15.517448
10.238721
11.887485
13.412774
11.726333
15.949982
9.650298
14.804448
8.466766
6.994851
7.180557
12.514913
9.094782
14.287621
11.698469
10.089111
11.466579
35.597119
0.000000
0.000000
0.000000
0.000000
0.000000
54.733360
39.999255
44.313718
53.269936
