11.197792
10.029835
15.111858
8.210387
9.745907
11.249315
14.009127
15.758025
13.865642
10.262769
10.626209
9.324858
13.586101
10.109816
11.554616
18.802707
7.360545
12.305188
10.653968
14.169453
14.040066
11.401761
8.858023
16.875889
17.668848
7.235756
9.722420
11.569272
9.509545
19.003197
12.480358
8.015828
11.969040
13.107706
10.082561
9.067642
12.907432
7.614248
9.072124
8.911675
14.257953
8.638917
10.286963
15.977014
12.596999
9.208749
11.819794
10.022251
5.108763
8.976122
10.070152
12.533574
16.278214
10.901575
7.792630
13.129110
6.537697
7.533947
5.157758
12.982873
12.273057
11.487754
14.993576
13.818162
6.171913
9.433362
7.334135
12.411322
16.362821
16.427649
5.757340
9.038284
12.114386
15.517448
9.755734
11.458933
13.519083
11.806230
13.971649
7.419487
12.295911
8.428088
6.414030
7.180557
12.175427
8.311268
14.287621
11.503637
10.089111
10.981307
35.597119
0.000000
0.000000
0.000000
0.000000
0.000000
54.733360
39.999255
44.313718
53.269936
