16.363566
9.710081
19.130945
9.312629
10.368322
10.404874
13.913353
17.929297
15.505820
8.272938
14.609598
11.948729
16.251835
9.289415
12.074784
20.700567
8.244409
13.648252
9.895819
18.660887
15.436491
10.874126
9.274005
20.902216
21.792153
8.592263
10.148703
14.121084
12.836257
19.003197
14.229175
6.658223
14.344058
15.232820
12.327758
8.604721
17.968002
7.003755
8.091393
12.755348
14.935556
9.342926
10.286963
15.851144
14.926917
12.379165
11.417213
10.066989
7.509243
12.597091
10.070152
14.003554
21.343382
12.717554
8.536199
16.114090
6.497823
9.724980
6.391022
13.921679
13.117760
14.938163
15.687028
16.241982
4.545887
9.433362
9.740241
12.837239
16.237589
20.464493
6.699911
8.089451
13.547524
15.470586
10.452101
11.517830
13.667333
13.766928
16.085274
11.145732
18.875619
7.807478
7.797721
7.180557
13.366203
9.071441
15.569118
12.734299
12.619236
10.170749
35.597119
0.000000
0.000000
0.000000
0.000000
0.000000
54.733360
39.999255
44.313718
53.269936
