16.007100
10.732190
19.368525
9.266810
11.170329
10.782600
14.420511
18.249106
15.920627
8.437810
15.110392
12.372122
16.215031
9.534076
12.349519
21.031850
8.056703
13.895981
10.455273
18.660887
16.871585
10.557153
8.809900
21.556968
22.747434
8.592263
9.899534
14.187474
13.696057
19.003197
14.199802
6.398108
14.872798
15.493286
13.287136
8.560559
17.968002
7.631776
9.279279
12.851765
14.903190
9.413742
10.286963
15.851144
14.565158
13.645859
11.417213
10.092165
8.448540
12.648424
10.070152
14.003554
21.917076
12.651915
8.850911
16.728671
5.998636
9.552649
6.749413
14.076773
13.410454
14.776471
17.190661
16.635960
4.715013
9.433362
8.990168
12.813005
16.720637
21.070264
6.195756
8.301354
14.039878
15.055597
10.452101
11.680030
13.924340
14.864137
17.368584
11.736737
19.219116
7.802323
8.492951
7.180557
13.734511
8.756899
16.268032
12.128959
12.619236
10.850685
35.597119
0.000000
0.000000
0.000000
0.000000
0.000000
54.733360
39.999255
44.313718
53.269936
