11.725927
9.654638
15.514885
8.339704
9.745907
11.045339
13.671753
16.790896
13.898990
9.924939
10.626209
9.315284
13.278514
9.721607
11.086391
19.880006
7.360545
13.179586
11.474855
15.544400
13.954251
11.401761
8.709023
17.855813
18.547960
8.592263
9.835139
12.633275
9.433024
19.003197
12.698098
7.344788
12.442514
13.175284
10.348265
9.035710
13.675827
7.345865
9.775421
9.778881
14.530126
8.682214
10.286963
14.948835
13.031609
10.365827
11.232928
10.147355
5.988727
8.643319
10.070152
12.918266
18.139341
12.091955
6.892035
14.281166
6.537697
7.371784
4.889235
13.164584
12.739739
12.481994
16.136655
14.500742
5.836197
9.433362
7.135419
13.722454
16.628681
17.432816
5.321249
9.144188
11.678202
15.517448
10.102417
11.410010
12.776730
11.629366
15.670296
8.467234
14.113990
8.696381
6.746449
7.180557
12.263795
8.592386
14.287621
11.197423
10.089111
11.364401
35.597119
0.000000
0.000000
0.000000
0.000000
0.000000
54.733360
39.999255
44.313718
53.269936
