15.911414
9.865200
18.862479
9.192602
10.524826
10.863486
13.451541
17.929297
15.394506
8.659367
13.978363
11.259881
16.067691
8.739499
10.835042
20.100208
8.316431
13.645732
10.895852
17.795580
15.204473
11.265555
9.250729
21.519416
21.254368
8.592263
10.106618
15.579185
12.180646
19.003197
13.225336
6.647945
14.555225
15.035576
12.192038
8.381291
16.898554
7.032448
9.305327
12.661720
13.896101
10.314781
10.286963
16.124707
14.871179
12.554814
11.417213
9.460392
6.478145
13.028661
10.070152
14.003554
21.298869
12.183374
8.710983
16.909422
5.496358
9.539537
5.687178
13.388516
13.019721
13.399542
15.458834
15.986839
5.092500
9.433362
9.313725
13.027101
16.034405
20.351449
6.086883
8.746938
13.218244
16.164609
10.452101
11.202625
13.765614
14.091079
15.823801
10.124721
18.508319
7.515660
7.187267
7.180557
14.002449
9.239642
15.545914
12.106686
12.034375
10.945958
35.597119
0.000000
0.000000
0.000000
0.000000
0.000000
54.733360
39.999255
44.313718
53.269936
